Genotype	Replicate	ID	Chamber	Species	Census	Growth.days	Juvenile	Apterous	Alate	Sum
1	1	1_01	2	A.asc	1	4	5	4	1	10
1	1	1_01	2	A.asc	2	7	20	3	1	24
1	1	1_01	2	A.asc	3	10	26	2	0	28
1	1	1_01	2	A.asc	4	13	36	11	0	47
1	1	1_01	2	A.asc	5	17	95	9	1	105
1	2	1_02	2	A.asc	1	5	3	5	0	8
1	2	1_02	2	A.asc	2	7	12	7	0	19
1	2	1_02	2	A.asc	3	10	51	9	0	60
1	2	1_02	2	A.asc	4	13	161	23	2	186
1	2	1_02	2	A.asc	5	17	403	40	8	451
1	3	1_03	1	A.asc	1	4	12	5	0	17
1	3	1_03	1	A.asc	2	7	21	7	0	28
1	3	1_03	1	A.asc	3	10	68	9	0	77
1	3	1_03	1	A.asc	4	13	118	11	2	131
1	3	1_03	1	A.asc	5	17	94	15	7	116
1	4	1_04	1	A.ner	1	3	10	5	0	15
1	4	1_04	1	A.ner	2	6	27	8	0	35
1	4	1_04	1	A.ner	3	9	41	21	4	66
1	4	1_04	1	A.ner	4	13	344	23	11	378
1	4	1_04	1	A.ner	5	17	503	32	21	556
1	5	1_05	2	M.per	1	4	12	5	0	17
1	5	1_05	2	M.per	2	7	43	8	0	51
1	5	1_05	2	M.per	3	10	101	14	0	115
1	5	1_05	2	M.per	4	13	165	26	0	191
1	5	1_05	2	M.per	5	17	285	42	2	329
1	6	1_06	1	A.ner	1	3	27	4	1	32
1	6	1_06	1	A.ner	2	6	42	14	1	57
1	6	1_06	1	A.ner	3	9	95	13	1	109
1	6	1_06	1	A.ner	4	13	665	48	3	716
1	6	1_06	1	A.ner	5	17	687	52	27	766
1	7	1_07	2	M.asc	1	4	4	0	3	7
1	7	1_07	2	M.asc	2	7	15	0	4	19
1	7	1_07	2	M.asc	3	10	9	0	3	12
1	7	1_07	2	M.asc	4	13	11	0	3	14
1	7	1_07	2	M.asc	5	18	21	0	3	24
1	8	1_08	1	M.per	1	4	11	5	0	16
1	8	1_08	1	M.per	2	7	44	9	0	53
1	8	1_08	1	M.per	3	10	57	17	0	74
1	8	1_08	1	M.per	4	13	193	36	0	229
1	8	1_08	1	M.per	5	17	350	36	0	386
1	9	1_09	2	A.ner	1	3	2	4	1	7
1	9	1_09	2	A.ner	2	6	40	6	1	47
1	9	1_09	2	A.ner	3	9	115	21	1	137
1	9	1_09	2	A.ner	4	12	481	29	1	511
1	9	1_09	2	A.ner	5	16	743	52	25	820
1	11	1_11	1	A.asc	1	4	9	5	0	14
1	11	1_11	1	A.asc	2	7	29	4	0	33
1	11	1_11	1	A.asc	3	10	51	8	0	59
1	11	1_11	1	A.asc	4	14	191	32	3	226
1	11	1_11	1	A.asc	5	18	190	61	10	261
1	12	1_12	2	M.asc	1	4	26	0	4	30
1	12	1_12	2	M.asc	2	7	41	0	4	45
1	12	1_12	2	M.asc	3	10	45	0	4	49
1	12	1_12	2	M.asc	4	13	NA	NA	NA	NA
1	12	1_12	2	M.asc	5	17	NA	NA	NA	NA
1	13	1_13	2	A.ner	1	4	13	5	0	18
1	13	1_13	2	A.ner	2	6	43	9	0	52
1	13	1_13	2	A.ner	3	9	152	21	3	176
1	13	1_13	2	A.ner	4	12	440	30	2	472
1	13	1_13	2	A.ner	5	16	952	43	36	1031
1	14	1_14	1	M.per	1	4	29	5	0	34
1	14	1_14	1	M.per	2	7	57	10	0	67
1	14	1_14	1	M.per	3	10	81	11	0	92
1	14	1_14	1	M.per	4	13	227	34	0	261
1	14	1_14	1	M.per	5	17	310	27	0	337
1	15	1_15	1	M.asc	1	3	22	0	4	26
1	15	1_15	1	M.asc	2	6	65	0	2	67
1	15	1_15	1	M.asc	3	9	88	0	2	90
1	15	1_15	1	M.asc	4	13	136	0	30	166
1	15	1_15	1	M.asc	5	17	143	0	41	184
1	17	1_17	2	M.per	1	4	25	5	0	30
1	17	1_17	2	M.per	2	7	57	14	0	71
1	17	1_17	2	M.per	3	10	151	29	0	180
1	17	1_17	2	M.per	4	13	397	39	0	436
1	17	1_17	2	M.per	5	17	500	30	0	530
1	18	1_18	1	M.asc	1	3	20	0	4	24
1	18	1_18	1	M.asc	2	6	49	0	4	53
1	18	1_18	1	M.asc	3	9	66	0	2	68
1	18	1_18	1	M.asc	4	13	61	0	14	75
1	18	1_18	1	M.asc	5	17	38	0	26	64
3	1	3_01	1	A.asc	1	4	6	5	0	11
3	1	3_01	1	A.asc	2	7	45	6	0	51
3	1	3_01	1	A.asc	3	10	73	10	0	83
3	1	3_01	1	A.asc	4	14	286	44	8	338
3	1	3_01	1	A.asc	5	18	379	51	29	459
3	2	3_02	1	A.ner	1	3	7	5	0	12
3	2	3_02	1	A.ner	2	6	31	5	0	36
3	2	3_02	1	A.ner	3	9	57	7	0	64
3	2	3_02	1	A.ner	4	13	298	34	1	333
3	2	3_02	1	A.ner	5	17	432	41	3	476
3	3	3_03	1	M.asc	1	3	26	0	2	28
3	3	3_03	1	M.asc	2	6	51	0	2	53
3	3	3_03	1	M.asc	3	9	65	0	7	72
3	3	3_03	1	M.asc	4	13	183	0	28	211
3	3	3_03	1	M.asc	5	16	104	0	33	137
3	4	3_04	2	A.asc	1	5	25	3	2	30
3	4	3_04	2	A.asc	2	7	36	9	2	47
3	4	3_04	2	A.asc	3	10	117	21	2	140
3	4	3_04	2	A.asc	4	13	280	18	4	302
3	4	3_04	2	A.asc	5	17	412	88	21	521
3	5	3_05	1	M.asc	1	3	26	0	5	31
3	5	3_05	1	M.asc	2	6	58	0	4	62
3	5	3_05	1	M.asc	3	9	79	0	3	82
3	5	3_05	1	M.asc	4	13	39	0	20	59
3	5	3_05	1	M.asc	5	17	10	0	27	37
3	6	3_06	2	M.asc	1	4	19	0	4	23
3	6	3_06	2	M.asc	2	7	28	0	5	33
3	6	3_06	2	M.asc	3	10	31	0	4	35
3	6	3_06	2	M.asc	4	13	20	0	8	28
3	6	3_06	2	M.asc	5	17	33	0	17	50
3	7	3_07	1	M.per	1	4	16	5	0	21
3	7	3_07	1	M.per	2	7	42	5	0	47
3	7	3_07	1	M.per	3	10	89	19	0	108
3	7	3_07	1	M.per	4	14	315	38	0	353
3	7	3_07	1	M.per	5	18	456	28	1	485
3	8	3_08	2	M.asc	1	4	19	0	5	24
3	8	3_08	2	M.asc	2	7	27	0	3	30
3	8	3_08	2	M.asc	3	10	35	0	2	37
3	8	3_08	2	M.asc	4	13	28	0	11	39
3	8	3_08	2	M.asc	5	18	65	0	25	90
3	9	3_09	1	M.per	1	4	14	5	0	19
3	9	3_09	1	M.per	2	7	34	5	0	39
3	9	3_09	1	M.per	3	10	43	6	0	49
3	9	3_09	1	M.per	4	14	187	26	0	213
3	9	3_09	1	M.per	5	18	318	34	0	352
3	10	3_10	2	A.ner	1	3	17	5	0	22
3	10	3_10	2	A.ner	2	6	34	14	0	48
3	10	3_10	2	A.ner	3	9	257	33	0	290
3	10	3_10	2	A.ner	4	12	650	28	1	679
3	10	3_10	2	A.ner	5	14	692	133	39	864
3	11	3_11	2	A.ner	1	3	5	5	0	10
3	11	3_11	2	A.ner	2	6	45	4	1	50
3	11	3_11	2	A.ner	3	9	71	19	1	91
3	11	3_11	2	A.ner	4	12	272	23	2	297
3	11	3_11	2	A.ner	5	16	587	39	24	650
3	12	3_12	2	M.per	1	4	20	5	0	25
3	12	3_12	2	M.per	2	7	39	8	0	47
3	12	3_12	2	M.per	3	10	73	16	0	89
3	12	3_12	2	M.per	4	13	106	32	0	138
3	12	3_12	2	M.per	5	17	276	37	0	313
3	14	3_14	1	A.asc	1	4	5	5	0	10
3	14	3_14	1	A.asc	2	7	7	5	0	12
3	14	3_14	1	A.asc	3	10	8	5	0	13
3	14	3_14	1	A.asc	4	13	23	8	0	31
3	14	3_14	1	A.asc	5	17	44	18	4	66
3	15	3_15	1	A.ner	1	3	3	5	0	8
3	15	3_15	1	A.ner	2	6	43	5	0	48
3	15	3_15	1	A.ner	3	9	61	16	0	77
3	15	3_15	1	A.ner	4	12	118	36	9	163
3	15	3_15	1	A.ner	5	16	318	25	18	361
3	16	3_16	2	A.asc	1	4	5	4	1	10
3	16	3_16	2	A.asc	2	7	17	3	1	21
3	16	3_16	2	A.asc	3	10	17	4	1	22
3	16	3_16	2	A.asc	4	13	17	5	0	22
3	16	3_16	2	A.asc	5	17	100	22	0	122
3	17	3_17	2	M.per	1	4	4	5	0	9
3	17	3_17	2	M.per	2	7	46	9	0	55
3	17	3_17	2	M.per	3	10	102	11	0	113
3	17	3_17	2	M.per	4	13	274	28	0	302
3	17	3_17	2	M.per	5	17	460	53	0	513
5	1	5_01	2	A.ner	1	4	4	5	0	9
5	1	5_01	2	A.ner	2	6	13	5	0	18
5	1	5_01	2	A.ner	3	9	44	8	0	52
5	1	5_01	2	A.ner	4	12	68	7	0	75
5	1	5_01	2	A.ner	5	16	298	35	6	339
5	3	5_03	2	A.ner	1	4	15	5	0	20
5	3	5_03	2	A.ner	2	6	33	8	0	41
5	3	5_03	2	A.ner	3	9	71	16	0	87
5	3	5_03	2	A.ner	4	12	160	21	1	182
5	3	5_03	2	A.ner	5	16	NA	NA	NA	NA
5	4	5_04	2	A.asc	1	4	7	2	3	12
5	4	5_04	2	A.asc	2	7	44	9	2	55
5	4	5_04	2	A.asc	3	10	194	26	1	221
5	4	5_04	2	A.asc	4	13	354	39	2	395
5	4	5_04	2	A.asc	5	17	618	98	23	739
5	6	5_06	1	M.per	1	4	8	5	0	13
5	6	5_06	1	M.per	2	7	23	7	0	30
5	6	5_06	1	M.per	3	10	43	12	0	55
5	6	5_06	1	M.per	4	14	169	21	0	190
5	6	5_06	1	M.per	5	18	238	37	3	278
5	7	5_07	1	A.asc	1	4	30	4	1	35
5	7	5_07	1	A.asc	2	7	47	6	1	54
5	7	5_07	1	A.asc	3	10	82	19	1	102
5	7	5_07	1	A.asc	4	13	226	23	2	251
5	7	5_07	1	A.asc	5	17	247	34	7	288
5	8	5_08	1	M.asc	1	3	16	0	4	20
5	8	5_08	1	M.asc	2	6	31	0	4	35
5	8	5_08	1	M.asc	3	9	26	0	4	30
5	8	5_08	1	M.asc	4	13	17	0	12	29
5	8	5_08	1	M.asc	5	17	22	0	13	35
5	9	5_09	2	M.asc	1	4	25	0	5	30
5	9	5_09	2	M.asc	2	7	42	0	5	47
5	9	5_09	2	M.asc	3	10	48	0	4	52
5	9	5_09	2	M.asc	4	13	89	0	9	98
5	9	5_09	2	M.asc	5	18	147	0	32	179
5	10	5_10	1	A.ner	1	3	8	5	0	13
5	10	5_10	1	A.ner	2	6	30	5	0	35
5	10	5_10	1	A.ner	3	9	74	10	0	84
5	10	5_10	1	A.ner	4	12	158	23	0	181
5	10	5_10	1	A.ner	5	16	293	20	17	330
5	11	5_11	1	M.asc	1	3	19	0	5	24
5	11	5_11	1	M.asc	2	6	54	0	5	59
5	11	5_11	1	M.asc	3	9	71	0	6	77
5	11	5_11	1	M.asc	4	13	183	0	29	212
5	11	5_11	1	M.asc	5	17	207	0	41	248
5	12	5_12	1	A.ner	1	3	11	4	1	16
5	12	5_12	1	A.ner	2	6	41	6	1	48
5	12	5_12	1	A.ner	3	9	62	6	1	69
5	12	5_12	1	A.ner	4	13	301	28	3	332
5	12	5_12	1	A.ner	5	17	459	22	31	512
5	13	5_13	2	M.asc	1	4	16	0	4	20
5	13	5_13	2	M.asc	2	7	28	0	4	32
5	13	5_13	2	M.asc	3	10	41	0	4	45
5	13	5_13	2	M.asc	4	13	55	0	6	61
5	13	5_13	2	M.asc	5	18	169	0	24	193
5	14	5_14	1	M.per	1	4	38	5	0	43
5	14	5_14	1	M.per	2	7	81	14	0	95
5	14	5_14	1	M.per	3	10	113	33	0	146
5	14	5_14	1	M.per	4	14	246	27	0	273
5	14	5_14	1	M.per	5	18	291	26	0	317
5	15	5_15	2	A.asc	1	4	22	5	0	27
5	15	5_15	2	A.asc	2	7	36	7	0	43
5	15	5_15	2	A.asc	3	10	59	14	0	73
5	15	5_15	2	A.asc	4	13	105	14	0	119
5	15	5_15	2	A.asc	5	17	251	49	8	308
5	16	5_16	1	A.asc	1	4	13	4	1	18
5	16	5_16	1	A.asc	2	7	46	7	1	54
5	16	5_16	1	A.asc	3	10	79	11	0	90
5	16	5_16	1	A.asc	4	13	179	32	5	216
5	16	5_16	1	A.asc	5	17	337	32	11	380
5	17	5_17	2	M.per	1	4	21	5	0	26
5	17	5_17	2	M.per	2	7	66	7	0	73
5	17	5_17	2	M.per	3	10	100	21	0	121
5	17	5_17	2	M.per	4	13	140	31	0	171
5	17	5_17	2	M.per	5	17	399	29	0	428
5	18	5_18	2	M.per	1	4	20	5	0	25
5	18	5_18	2	M.per	2	7	55	12	0	67
5	18	5_18	2	M.per	3	10	123	16	0	139
5	18	5_18	2	M.per	4	13	268	19	0	287
5	18	5_18	2	M.per	5	17	682	39	2	723
7	1	7_01	2	A.ner	1	3	7	5	0	12
7	1	7_01	2	A.ner	2	6	14	3	0	17
7	1	7_01	2	A.ner	3	9	52	6	0	58
7	1	7_01	2	A.ner	4	12	116	12	1	129
7	1	7_01	2	A.ner	5	16	287	39	5	331
7	3	7_03	1	A.ner	1	3	17	5	0	22
7	3	7_03	1	A.ner	2	6	36	5	0	41
7	3	7_03	1	A.ner	3	9	74	11	0	85
7	3	7_03	1	A.ner	4	12	203	30	0	233
7	3	7_03	1	A.ner	5	16	559	29	13	601
7	4	7_04	2	M.asc	1	4	64	0	4	68
7	4	7_04	2	M.asc	2	7	72	0	4	76
7	4	7_04	2	M.asc	3	10	134	0	10	144
7	4	7_04	2	M.asc	4	13	201	0	46	247
7	4	7_04	2	M.asc	5	17	433	0	49	482
7	5	7_05	2	M.asc	1	5	31	0	3	34
7	5	7_05	2	M.asc	2	7	37	0	8	45
7	5	7_05	2	M.asc	3	10	75	0	13	88
7	5	7_05	2	M.asc	4	13	260	0	28	288
7	5	7_05	2	M.asc	5	17	419	0	26	445
7	6	7_06	2	M.per	1	4	7	5	0	12
7	6	7_06	2	M.per	2	7	36	8	0	44
7	6	7_06	2	M.per	3	10	69	14	0	83
7	6	7_06	2	M.per	4	13	202	31	0	233
7	6	7_06	2	M.per	5	17	280	24	3	307
7	7	7_07	1	A.asc	1	4	13	5	0	18
7	7	7_07	1	A.asc	2	7	32	9	0	41
7	7	7_07	1	A.asc	3	10	60	14	0	74
7	7	7_07	1	A.asc	4	14	144	19	7	170
7	7	7_07	1	A.asc	5	18	119	17	24	160
7	8	7_08	2	A.ner	1	4	14	4	1	19
7	8	7_08	2	A.ner	2	6	27	9	1	37
7	8	7_08	2	A.ner	3	9	161	21	1	183
7	8	7_08	2	A.ner	4	12	447	29	2	478
7	8	7_08	2	A.ner	5	16	655	22	48	725
7	9	7_09	2	M.per	1	4	8	5	0	13
7	9	7_09	2	M.per	2	7	26	9	0	35
7	9	7_09	2	M.per	3	10	123	23	0	146
7	9	7_09	2	M.per	4	13	216	28	0	244
7	9	7_09	2	M.per	5	17	370	32	0	402
7	10	7_10	2	A.asc	1	5	7	3	2	12
7	10	7_10	2	A.asc	2	7	11	4	1	16
7	10	7_10	2	A.asc	3	10	26	7	0	33
7	10	7_10	2	A.asc	4	13	112	9	1	122
7	10	7_10	2	A.asc	5	17	217	21	0	238
7	12	7_12	1	M.asc	1	3	27	0	4	31
7	12	7_12	1	M.asc	2	6	43	0	2	45
7	12	7_12	1	M.asc	3	9	57	0	3	60
7	12	7_12	1	M.asc	4	12	87	0	13	100
7	12	7_12	1	M.asc	5	16	162	0	24	186
7	13	7_13	1	M.asc	1	3	15	0	5	20
7	13	7_13	1	M.asc	2	6	79	0	5	84
7	13	7_13	1	M.asc	3	9	86	0	4	90
7	13	7_13	1	M.asc	4	12	136	0	18	154
7	13	7_13	1	M.asc	5	16	189	0	55	244
7	14	7_14	1	M.per	1	4	34	5	0	39
7	14	7_14	1	M.per	2	7	59	7	0	66
7	14	7_14	1	M.per	3	10	136	15	0	151
7	14	7_14	1	M.per	4	14	361	34	0	395
7	14	7_14	1	M.per	5	18	178	52	0	230
7	15	7_15	2	A.asc	1	4	7	5	0	12
7	15	7_15	2	A.asc	2	7	27	2	0	29
7	15	7_15	2	A.asc	3	10	7	5	0	12
7	15	7_15	2	A.asc	4	13	8	5	0	13
7	15	7_15	2	A.asc	5	17	30	8	0	38
7	16	7_16	1	A.ner	1	3	12	5	0	17
7	16	7_16	1	A.ner	2	6	37	7	0	44
7	16	7_16	1	A.ner	3	9	109	22	0	131
7	16	7_16	1	A.ner	4	12	313	36	5	354
7	16	7_16	1	A.ner	5	16	505	31	28	564
7	17	7_17	1	A.asc	1	4	0	5	0	5
7	17	7_17	1	A.asc	2	7	4	5	0	9
7	17	7_17	1	A.asc	3	10	11	2	0	13
7	17	7_17	1	A.asc	4	14	12	19	0	31
7	17	7_17	1	A.asc	5	18	79	13	1	93
7	18	7_18	1	M.per	1	4	11	5	0	16
7	18	7_18	1	M.per	2	7	45	5	0	50
7	18	7_18	1	M.per	3	10	44	6	0	50
7	18	7_18	1	M.per	4	14	71	10	0	81
7	18	7_18	1	M.per	5	18	103	17	0	120
11	1	11_01	1	M.asc	1	3	21	0	4	25
11	1	11_01	1	M.asc	2	6	55	0	4	59
11	1	11_01	1	M.asc	3	9	36	0	3	39
11	1	11_01	1	M.asc	4	13	21	0	17	38
11	1	11_01	1	M.asc	5	17	19	0	20	39
11	2	11_02	1	M.per	1	4	19	5	0	24
11	2	11_02	1	M.per	2	7	37	5	0	42
11	2	11_02	1	M.per	3	10	64	14	0	78
11	2	11_02	1	M.per	4	13	67	18	0	85
11	2	11_02	1	M.per	5	17	62	21	0	83
11	4	11_04	1	A.ner	1	3	9	5	0	14
11	4	11_04	1	A.ner	2	6	33	8	0	41
11	4	11_04	1	A.ner	3	9	78	14	0	92
11	4	11_04	1	A.ner	4	12	155	31	0	186
11	4	11_04	1	A.ner	5	16	446	28	10	484
11	5	11_05	2	M.asc	1	4	20	0	5	25
11	5	11_05	2	M.asc	2	7	28	0	5	33
11	5	11_05	2	M.asc	3	10	17	0	5	22
11	5	11_05	2	M.asc	4	13	13	0	10	23
11	5	11_05	2	M.asc	5	18	4	0	8	12
11	6	11_06	1	A.asc	1	4	26	5	0	31
11	6	11_06	1	A.asc	2	7	62	9	0	71
11	6	11_06	1	A.asc	3	10	117	13	2	132
11	6	11_06	1	A.asc	4	13	177	29	4	210
11	6	11_06	1	A.asc	5	17	152	18	9	179
11	7	11_07	1	A.asc	1	4	10	5	0	15
11	7	11_07	1	A.asc	2	7	22	4	0	26
11	7	11_07	1	A.asc	3	10	21	5	0	26
11	7	11_07	1	A.asc	4	14	27	7	0	34
11	7	11_07	1	A.asc	5	18	62	11	1	74
11	8	11_08	2	A.asc	1	4	0	4	1	5
11	8	11_08	2	A.asc	2	7	2	3	1	6
11	8	11_08	2	A.asc	3	10	11	3	1	15
11	8	11_08	2	A.asc	4	13	15	2	1	18
11	8	11_08	2	A.asc	5	17	16	6	1	23
11	9	11_09	2	M.asc	1	4	6	0	5	11
11	9	11_09	2	M.asc	2	7	11	0	3	14
11	9	11_09	2	M.asc	3	10	17	0	6	23
11	9	11_09	2	M.asc	4	13	NA	NA	NA	NA
11	9	11_09	2	M.asc	5	18	NA	NA	NA	NA
11	10	11_10	1	M.asc	1	3	31	0	5	36
11	10	11_10	1	M.asc	2	6	69	0	4	73
11	10	11_10	1	M.asc	3	9	85	0	4	89
11	10	11_10	1	M.asc	4	12	98	0	12	110
11	10	11_10	1	M.asc	5	16	81	0	35	116
11	11	11_11	2	A.ner	1	3	11	3	2	16
11	11	11_11	2	A.ner	2	6	39	7	2	48
11	11	11_11	2	A.ner	3	9	155	18	3	176
11	11	11_11	2	A.ner	4	12	439	37	9	485
11	11	11_11	2	A.ner	5	16	599	16	54	669
11	12	11_12	1	M.per	1	4	7	5	0	12
11	12	11_12	1	M.per	2	7	25	5	0	30
11	12	11_12	1	M.per	3	10	50	12	0	62
11	12	11_12	1	M.per	4	14	116	18	0	134
11	12	11_12	1	M.per	5	18	139	31	0	170
11	13	11_13	2	M.per	1	5	7	5	0	12
11	13	11_13	2	M.per	2	7	13	6	0	19
11	13	11_13	2	M.per	3	10	31	8	0	39
11	13	11_13	2	M.per	4	13	55	16	0	71
11	13	11_13	2	M.per	5	17	151	18	0	169
11	14	11_14	2	A.asc	1	4	26	5	0	31
11	14	11_14	2	A.asc	2	7	48	10	0	58
11	14	11_14	2	A.asc	3	10	112	11	0	123
11	14	11_14	2	A.asc	4	13	166	38	3	207
11	14	11_14	2	A.asc	5	17	369	22	3	394
11	15	11_15	2	M.per	1	4	9	5	0	14
11	15	11_15	2	M.per	2	7	47	10	0	57
11	15	11_15	2	M.per	3	10	61	10	0	71
11	15	11_15	2	M.per	4	13	211	24	0	235
11	15	11_15	2	M.per	5	17	376	30	1	407
11	16	11_16	2	A.ner	1	4	13	5	0	18
11	16	11_16	2	A.ner	2	6	35	9	0	44
11	16	11_16	2	A.ner	3	9	77	13	0	90
11	16	11_16	2	A.ner	4	12	261	16	4	281
11	16	11_16	2	A.ner	5	16	370	17	18	405
11	17	11_17	1	A.ner	1	3	4	5	0	9
11	17	11_17	1	A.ner	2	6	24	5	0	29
11	17	11_17	1	A.ner	3	9	37	7	0	44
11	17	11_17	1	A.ner	4	13	74	10	1	85
11	17	11_17	1	A.ner	5	17	115	19	3	137
13	1	13_01	2	M.per	1	4	18	5	0	23
13	1	13_01	2	M.per	2	7	49	9	0	58
13	1	13_01	2	M.per	3	10	104	21	0	125
13	1	13_01	2	M.per	4	13	235	17	0	252
13	1	13_01	2	M.per	5	17	273	19	1	293
13	2	13_02	1	A.ner	1	3	10	5	0	15
13	2	13_02	1	A.ner	2	6	23	8	0	31
13	2	13_02	1	A.ner	3	9	41	14	0	55
13	2	13_02	1	A.ner	4	13	158	22	4	184
13	2	13_02	1	A.ner	5	17	394	26	6	426
13	3	13_03	2	M.per	1	4	22	5	0	27
13	3	13_03	2	M.per	2	7	50	9	0	59
13	3	13_03	2	M.per	3	10	91	18	0	109
13	3	13_03	2	M.per	4	13	204	30	0	234
13	3	13_03	2	M.per	5	17	390	16	0	406
13	4	13_04	1	M.per	1	4	13	5	0	18
13	4	13_04	1	M.per	2	7	37	5	0	42
13	4	13_04	1	M.per	3	10	76	9	0	85
13	4	13_04	1	M.per	4	14	123	19	0	142
13	4	13_04	1	M.per	5	18	87	8	0	95
13	5	13_05	1	M.asc	1	3	2	0	5	7
13	5	13_05	1	M.asc	2	6	34	0	5	39
13	5	13_05	1	M.asc	3	9	19	0	6	25
13	5	13_05	1	M.asc	4	12	16	0	5	21
13	5	13_05	1	M.asc	5	16	4	0	5	9
13	6	13_06	1	A.asc	1	4	16	5	0	21
13	6	13_06	1	A.asc	2	7	24	4	0	28
13	6	13_06	1	A.asc	3	10	37	3	1	41
13	6	13_06	1	A.asc	4	13	41	9	0	50
13	6	13_06	1	A.asc	5	17	83	18	0	101
13	7	13_07	2	A.asc	1	4	3	4	1	8
13	7	13_07	2	A.asc	2	7	28	4	1	33
13	7	13_07	2	A.asc	3	10	40	11	1	52
13	7	13_07	2	A.asc	4	13	98	23	2	123
13	7	13_07	2	A.asc	5	17	255	54	3	312
13	8	13_08	1	A.ner	1	3	12	4	1	17
13	8	13_08	1	A.ner	2	6	25	8	1	34
13	8	13_08	1	A.ner	3	9	74	19	1	94
13	8	13_08	1	A.ner	4	13	248	18	0	266
13	8	13_08	1	A.ner	5	17	384	29	20	433
13	9	13_09	1	A.asc	1	4	11	5	0	16
13	9	13_09	1	A.asc	2	7	21	5	0	26
13	9	13_09	1	A.asc	3	10	53	14	0	67
13	9	13_09	1	A.asc	4	14	193	24	1	218
13	9	13_09	1	A.asc	5	18	276	28	9	313
13	10	13_10	2	M.asc	1	4	2	0	4	6
13	10	13_10	2	M.asc	2	7	18	0	3	21
13	10	13_10	2	M.asc	3	10	2	0	3	5
13	10	13_10	2	M.asc	4	13	2	0	4	6
13	10	13_10	2	M.asc	5	17	0	0	2	2
13	11	13_11	2	M.asc	1	4	42	0	2	24
13	11	13_11	2	M.asc	2	7	49	0	3	32
13	11	13_11	2	M.asc	3	10	32	0	6	38
13	11	13_11	2	M.asc	4	13	27	0	20	47
13	11	13_11	2	M.asc	5	17	25	0	32	57
13	12	13_12	1	M.asc	1	3	15	0	4	19
13	12	13_12	1	M.asc	2	6	46	0	2	48
13	12	13_12	1	M.asc	3	9	65	0	4	69
13	12	13_12	1	M.asc	4	13	71	0	21	92
13	12	13_12	1	M.asc	5	17	133	0	33	166
13	13	13_13	2	A.ner	1	3	2	5	0	7
13	13	13_13	2	A.ner	2	6	29	4	1	34
13	13	13_13	2	A.ner	3	9	54	19	1	74
13	13	13_13	2	A.ner	4	12	290	37	1	328
13	13	13_13	2	A.ner	5	16	722	61	12	795
13	14	13_14	1	M.per	1	4	17	5	0	22
13	14	13_14	1	M.per	2	7	49	8	0	57
13	14	13_14	1	M.per	3	10	86	17	0	103
13	14	13_14	1	M.per	4	14	170	21	0	191
13	14	13_14	1	M.per	5	18	292	48	0	340
13	15	13_15	2	A.ner	1	3	11	2	0	13
13	15	13_15	2	A.ner	2	6	51	11	0	62
13	15	13_15	2	A.ner	3	9	151	23	1	175
13	15	13_15	2	A.ner	4	12	594	29	13	636
13	15	13_15	2	A.ner	5	13	455	53	32	540
13	16	13_16	1	A.asc	1	4	2	5	0	7
13	16	13_16	1	A.asc	2	7	22	5	0	27
13	16	13_16	1	A.asc	3	10	49	9	0	58
13	16	13_16	1	A.asc	4	14	185	26	2	213
13	16	13_16	1	A.asc	5	18	205	27	12	244
15	1	15_01	2	M.per	1	4	11	5	0	16
15	1	15_01	2	M.per	2	7	62	15	0	77
15	1	15_01	2	M.per	3	10	143	15	0	158
15	1	15_01	2	M.per	4	13	303	46	0	349
15	1	15_01	2	M.per	5	17	361	26	0	387
15	2	15_02	2	A.asc	1	5	5	5	0	10
15	2	15_02	2	A.asc	2	7	12	4	0	16
15	2	15_02	2	A.asc	3	10	29	4	0	33
15	2	15_02	2	A.asc	4	13	31	9	0	40
15	2	15_02	2	A.asc	5	17	36	9	0	45
15	3	15_03	2	M.asc	1	4	12	0	5	17
15	3	15_03	2	M.asc	2	7	27	0	5	32
15	3	15_03	2	M.asc	3	10	81	0	4	85
15	3	15_03	2	M.asc	4	13	51	0	9	60
15	3	15_03	2	M.asc	5	17	92	0	32	124
15	4	15_04	2	A.ner	1	3	13	5	0	18
15	4	15_04	2	A.ner	2	6	53	14	0	67
15	4	15_04	2	A.ner	3	9	157	29	3	189
15	4	15_04	2	A.ner	4	12	854	56	10	920
15	4	15_04	2	A.ner	5	16	NA	NA	NA	NA
15	5	15_05	2	M.asc	1	4	11	0	3	14
15	5	15_05	2	M.asc	2	7	6	0	2	8
15	5	15_05	2	M.asc	3	10	17	0	3	20
15	5	15_05	2	M.asc	4	13	30	0	4	34
15	5	15_05	2	M.asc	5	17	62	0	19	81
15	6	15_06	1	M.asc	1	3	29	0	4	33
15	6	15_06	1	M.asc	2	6	55	0	3	58
15	6	15_06	1	M.asc	3	9	83	0	5	88
15	6	15_06	1	M.asc	4	12	63	0	23	86
15	6	15_06	1	M.asc	5	16	28	0	29	57
15	9	15_09	1	A.ner	1	3	16	4	2	22
15	9	15_09	1	A.ner	2	6	35	8	2	45
15	9	15_09	1	A.ner	3	9	145	24	2	171
15	9	15_09	1	A.ner	4	13	565	34	10	609
15	9	15_09	1	A.ner	5	17	601	53	60	714
15	10	15_10	2	A.ner	1	4	9	3	2	14
15	10	15_10	2	A.ner	2	6	25	5	2	32
15	10	15_10	2	A.ner	3	9	73	8	3	84
15	10	15_10	2	A.ner	4	12	215	39	2	256
15	10	15_10	2	A.ner	5	16	847	59	22	928
15	11	15_11	1	A.asc	1	4	6	5	0	11
15	11	15_11	1	A.asc	2	7	35	6	0	41
15	11	15_11	1	A.asc	3	10	49	9	0	58
15	11	15_11	1	A.asc	4	14	155	17	5	177
15	11	15_11	1	A.asc	5	18	259	32	13	304
15	12	15_12	1	M.per	1	4	6	5	0	11
15	12	15_12	1	M.per	2	7	27	6	0	33
15	12	15_12	1	M.per	3	10	53	6	0	59
15	12	15_12	1	M.per	4	14	93	18	0	111
15	12	15_12	1	M.per	5	18	112	17	0	129
15	13	15_13	2	M.per	1	4	8	5	0	13
15	13	15_13	2	M.per	2	7	29	5	0	34
15	13	15_13	2	M.per	3	10	79	7	0	86
15	13	15_13	2	M.per	4	13	120	21	0	141
15	13	15_13	2	M.per	5	17	227	32	0	259
15	14	15_14	1	A.asc	1	4	14	5	0	19
15	14	15_14	1	A.asc	2	7	36	7	0	43
15	14	15_14	1	A.asc	3	10	59	8	0	67
15	14	15_14	1	A.asc	4	14	192	22	3	217
15	14	15_14	1	A.asc	5	18	189	24	1	214
15	15	15_15	2	A.asc	1	4	23	5	0	28
15	15	15_15	2	A.asc	2	7	50	10	0	60
15	15	15_15	2	A.asc	3	10	99	14	1	114
15	15	15_15	2	A.asc	4	13	165	25	2	192
15	15	15_15	2	A.asc	5	17	362	61	20	443
15	16	15_16	1	M.asc	1	3	31	0	5	36
15	16	15_16	1	M.asc	2	6	92	0	5	97
15	16	15_16	1	M.asc	3	9	126	0	2	128
15	16	15_16	1	M.asc	4	12	188	0	29	217
15	16	15_16	1	M.asc	5	16	295	0	57	352
15	17	15_17	1	A.ner	1	3	7	5	1	13
15	17	15_17	1	A.ner	2	6	35	4	1	40
15	17	15_17	1	A.ner	3	9	65	16	1	82
15	17	15_17	1	A.ner	4	13	253	26	0	279
15	17	15_17	1	A.ner	5	17	517	32	2	551
15	18	15_18	1	M.per	1	4	29	5	0	34
15	18	15_18	1	M.per	2	7	61	5	0	66
15	18	15_18	1	M.per	3	10	65	17	0	82
15	18	15_18	1	M.per	4	14	198	32	0	230
15	18	15_18	1	M.per	5	18	206	32	0	238
17	1	17_01	1	A.asc	1	4	11	5	0	16
17	1	17_01	1	A.asc	2	7	29	4	0	33
17	1	17_01	1	A.asc	3	10	32	10	0	42
17	1	17_01	1	A.asc	4	13	74	17	3	94
17	1	17_01	1	A.asc	5	17	101	31	13	145
17	2	17_02	2	M.per	1	4	5	5	0	10
17	2	17_02	2	M.per	2	7	42	8	0	50
17	2	17_02	2	M.per	3	10	57	6	0	63
17	2	17_02	2	M.per	4	13	39	16	0	55
17	2	17_02	2	M.per	5	17	101	17	0	118
17	3	17_03	2	A.ner	1	4	16	5	0	21
17	3	17_03	2	A.ner	2	6	21	8	0	29
17	3	17_03	2	A.ner	3	9	136	12	0	148
17	3	17_03	2	A.ner	4	12	338	21	1	360
17	3	17_03	2	A.ner	5	16	382	21	16	419
17	4	17_04	1	M.asc	1	3	17	0	4	21
17	4	17_04	1	M.asc	2	6	22	0	4	26
17	4	17_04	1	M.asc	3	9	7	0	4	11
17	4	17_04	1	M.asc	4	13	2	0	3	5
17	4	17_04	1	M.asc	5	17	1	0	3	4
17	6	17_06	1	M.per	1	4	28	5	0	33
17	6	17_06	1	M.per	2	7	28	5	0	33
17	6	17_06	1	M.per	3	10	68	17	0	85
17	6	17_06	1	M.per	4	13	155	21	0	176
17	6	17_06	1	M.per	5	17	172	16	0	188
17	7	17_07	1	A.ner	1	3	4	4	1	9
17	7	17_07	1	A.ner	2	6	34	4	1	39
17	7	17_07	1	A.ner	3	9	48	6	1	55
17	7	17_07	1	A.ner	4	13	66	11	1	78
17	7	17_07	1	A.ner	5	17	128	10	3	141
17	8	17_08	2	M.asc	1	5	7	0	3	10
17	8	17_08	2	M.asc	2	7	5	0	3	8
17	8	17_08	2	M.asc	3	10	18	0	3	21
17	8	17_08	2	M.asc	4	13	5	0	3	8
17	8	17_08	2	M.asc	5	17	9	0	3	12
17	9	17_09	1	M.asc	1	3	4	0	5	9
17	9	17_09	1	M.asc	2	6	37	0	5	42
17	9	17_09	1	M.asc	3	9	59	0	5	64
17	9	17_09	1	M.asc	4	13	61	0	11	72
17	9	17_09	1	M.asc	5	17	36	0	31	67
17	10	17_10	2	A.asc	1	4	11	4	1	16
17	10	17_10	2	A.asc	2	7	22	5	2	29
17	10	17_10	2	A.asc	3	10	53	3	2	58
17	10	17_10	2	A.asc	4	13	69	14	2	85
17	10	17_10	2	A.asc	5	17	203	28	6	237
17	11	17_11	1	M.per	1	4	10	5	0	15
17	11	17_11	1	M.per	2	7	27	5	0	32
17	11	17_11	1	M.per	3	10	35	7	0	42
17	11	17_11	1	M.per	4	14	66	12	0	78
17	11	17_11	1	M.per	5	18	123	14	0	137
17	12	17_12	1	A.ner	1	3	5	5	0	10
17	12	17_12	1	A.ner	2	6	32	6	0	38
17	12	17_12	1	A.ner	3	9	31	4	0	35
17	12	17_12	1	A.ner	4	13	101	16	8	125
17	12	17_12	1	A.ner	5	17	325	33	29	387
17	13	17_13	2	M.per	1	4	5	5	0	10
17	13	17_13	2	M.per	2	7	42	5	0	47
17	13	17_13	2	M.per	3	10	74	12	0	86
17	13	17_13	2	M.per	4	13	171	18	0	189
17	13	17_13	2	M.per	5	17	372	40	1	413
17	14	17_14	2	A.ner	1	3	1	5	0	6
17	14	17_14	2	A.ner	2	6	39	4	2	45
17	14	17_14	2	A.ner	3	9	75	7	2	84
17	14	17_14	2	A.ner	4	12	150	14	6	170
17	14	17_14	2	A.ner	5	16	337	34	16	387
17	15	17_15	2	A.asc	1	4	19	3	2	24
17	15	17_15	2	A.asc	2	7	48	3	2	53
17	15	17_15	2	A.asc	3	10	62	8	2	72
17	15	17_15	2	A.asc	4	13	59	9	3	71
17	15	17_15	2	A.asc	5	17	149	26	2	177
17	17	17_17	2	M.asc	1	4	21	0	1	22
17	17	17_17	2	M.asc	2	7	31	0	3	34
17	17	17_17	2	M.asc	3	10	36	0	8	44
17	17	17_17	2	M.asc	4	13	48	0	4	52
17	17	17_17	2	M.asc	5	17	27	0	9	36
17	18	17_18	1	A.asc	1	4	11	5	0	16
17	18	17_18	1	A.asc	2	7	24	5	0	29
17	18	17_18	1	A.asc	3	10	34	9	0	43
17	18	17_18	1	A.asc	4	13	65	15	0	80
17	18	17_18	1	A.asc	5	18	205	23	5	233
21	1	21_01	2	M.per	1	4	18	4	0	22
21	1	21_01	2	M.per	2	7	32	9	0	41
21	1	21_01	2	M.per	3	10	66	9	0	75
21	1	21_01	2	M.per	4	13	139	19	0	158
21	1	21_01	2	M.per	5	17	193	59	0	252
21	2	21_02	2	A.ner	1	3	17	5	0	22
21	2	21_02	2	A.ner	2	6	48	9	0	57
21	2	21_02	2	A.ner	3	9	127	15	3	145
21	2	21_02	2	A.ner	4	12	465	13	2	480
21	2	21_02	2	A.ner	5	16	693	74	49	816
21	3	21_03	2	A.asc	1	4	7	4	2	13
21	3	21_03	2	A.asc	2	7	21	2	1	24
21	3	21_03	2	A.asc	3	10	37	8	2	47
21	3	21_03	2	A.asc	4	13	31	11	0	42
21	3	21_03	2	A.asc	5	17	128	12	0	140
21	5	21_05	1	A.asc	1	4	5	4	1	10
21	5	21_05	1	A.asc	2	7	17	4	0	21
21	5	21_05	1	A.asc	3	10	20	7	1	28
21	5	21_05	1	A.asc	4	13	54	15	0	69
21	5	21_05	1	A.asc	5	17	132	25	0	157
21	6	21_06	2	A.asc	1	4	2	5	0	7
21	6	21_06	2	A.asc	2	7	12	5	0	17
21	6	21_06	2	A.asc	3	10	18	6	2	26
21	6	21_06	2	A.asc	4	13	8	6	0	14
21	6	21_06	2	A.asc	5	17	48	14	0	62
21	7	21_07	2	M.per	1	4	21	5	0	26
21	7	21_07	2	M.per	2	7	58	11	0	69
21	7	21_07	2	M.per	3	10	63	9	0	72
21	7	21_07	2	M.per	4	13	119	18	0	137
21	7	21_07	2	M.per	5	17	254	13	0	267
21	8	21_08	1	A.ner	1	3	12	4	1	17
21	8	21_08	1	A.ner	2	6	14	4	1	19
21	8	21_08	1	A.ner	3	9	46	9	1	56
21	8	21_08	1	A.ner	4	12	158	16	1	175
21	8	21_08	1	A.ner	5	16	253	19	2	274
21	9	21_09	2	A.ner	1	3	5	4	1	10
21	9	21_09	2	A.ner	2	6	26	6	1	33
21	9	21_09	2	A.ner	3	9	35	16	1	52
21	9	21_09	2	A.ner	4	12	301	24	1	326
21	9	21_09	2	A.ner	5	16	574	47	14	635
21	10	21_10	1	M.per	1	4	9	5	0	14
21	10	21_10	1	M.per	2	7	40	5	0	45
21	10	21_10	1	M.per	3	10	56	13	0	69
21	10	21_10	1	M.per	4	13	57	13	0	70
21	10	21_10	1	M.per	5	17	121	24	0	145
21	11	21_11	1	M.asc	1	3	21	0	4	25
21	11	21_11	1	M.asc	2	6	43	0	4	47
21	11	21_11	1	M.asc	3	9	49	0	3	52
21	11	21_11	1	M.asc	4	13	49	0	29	78
21	11	21_11	1	M.asc	5	17	39	0	49	88
21	12	21_12	1	A.ner	1	3	9	5	0	14
21	12	21_12	1	A.ner	2	6	28	5	0	33
21	12	21_12	1	A.ner	3	9	51	16	1	68
21	12	21_12	1	A.ner	4	13	179	17	7	203
21	12	21_12	1	A.ner	5	17	420	32	28	480
21	14	21_14	2	M.asc	1	4	19	0	4	23
21	14	21_14	2	M.asc	2	7	46	0	4	50
21	14	21_14	2	M.asc	3	10	54	0	3	57
21	14	21_14	2	M.asc	4	13	70	0	7	77
21	14	21_14	2	M.asc	5	17	178	0	34	212
21	15	21_15	1	A.asc	1	4	16	5	0	21
21	15	21_15	1	A.asc	2	7	27	6	0	33
21	15	21_15	1	A.asc	3	10	42	10	0	52
21	15	21_15	1	A.asc	4	13	76	17	0	93
21	15	21_15	1	A.asc	5	17	138	26	6	170
21	16	21_16	2	M.asc	1	5	33	0	3	36
21	16	21_16	2	M.asc	2	7	44	0	5	49
21	16	21_16	2	M.asc	3	10	77	0	10	87
21	16	21_16	2	M.asc	4	13	219	0	15	234
21	16	21_16	2	M.asc	5	18	422	0	35	457
21	17	21_17	1	M.asc	1	3	13	0	5	18
21	17	21_17	1	M.asc	2	6	57	0	5	62
21	17	21_17	1	M.asc	3	9	75	0	5	80
21	17	21_17	1	M.asc	4	12	112	0	13	125
21	17	21_17	1	M.asc	5	16	136	0	48	184
21	18	21_18	1	M.per	1	4	16	5	0	21
21	18	21_18	1	M.per	2	7	36	7	0	43
21	18	21_18	1	M.per	3	10	39	14	0	53
21	18	21_18	1	M.per	4	13	54	16	0	70
21	18	21_18	1	M.per	5	17	135	38	0	173
23	1	23_01	1	M.asc	1	3	8	0	4	12
23	1	23_01	1	M.asc	2	6	27	0	3	30
23	1	23_01	1	M.asc	3	9	22	0	2	24
23	1	23_01	1	M.asc	4	13	13	0	11	24
23	1	23_01	1	M.asc	5	17	7	0	14	21
23	2	23_02	1	A.ner	1	3	13	5	0	18
23	2	23_02	1	A.ner	2	6	34	8	0	42
23	2	23_02	1	A.ner	3	9	139	27	0	166
23	2	23_02	1	A.ner	4	13	669	50	10	729
23	2	23_02	1	A.ner	5	17	761	34	55	850
23	3	23_03	2	M.per	1	5	28	5	0	33
23	3	23_03	2	M.per	2	7	52	14	0	66
23	3	23_03	2	M.per	3	10	119	16	0	135
23	3	23_03	2	M.per	4	13	385	29	0	414
23	3	23_03	2	M.per	5	17	542	39	0	581
23	4	23_04	1	A.asc	1	4	2	4	1	7
23	4	23_04	1	A.asc	2	7	6	3	1	10
23	4	23_04	1	A.asc	3	10	5	2	1	8
23	4	23_04	1	A.asc	4	14	3	3	1	7
23	4	23_04	1	A.asc	5	18	8	7	2	17
23	5	23_05	2	A.asc	1	5	12	4	1	17
23	5	23_05	2	A.asc	2	7	16	6	1	23
23	5	23_05	2	A.asc	3	10	40	7	1	48
23	5	23_05	2	A.asc	4	13	99	16	3	118
23	5	23_05	2	A.asc	5	17	118	26	4	148
23	6	23_06	2	M.asc	1	4	23	0	3	26
23	6	23_06	2	M.asc	2	7	54	0	4	58
23	6	23_06	2	M.asc	3	10	153	0	3	156
23	6	23_06	2	M.asc	4	13	51	0	19	70
23	6	23_06	2	M.asc	5	17	160	0	29	189
23	7	23_07	2	A.asc	1	4	2	4	1	7
23	7	23_07	2	A.asc	2	7	19	2	0	21
23	7	23_07	2	A.asc	3	10	27	6	1	34
23	7	23_07	2	A.asc	4	13	119	19	0	138
23	7	23_07	2	A.asc	5	17	429	48	17	494
23	8	23_08	1	A.asc	1	4	11	5	0	16
23	8	23_08	1	A.asc	2	7	21	5	0	26
23	8	23_08	1	A.asc	3	10	38	10	0	48
23	8	23_08	1	A.asc	4	13	96	15	0	111
23	8	23_08	1	A.asc	5	17	212	48	1	261
23	9	23_09	1	M.per	1	4	12	5	0	17
23	9	23_09	1	M.per	2	7	35	5	0	40
23	9	23_09	1	M.per	3	10	65	12	0	77
23	9	23_09	1	M.per	4	13	213	28	0	241
23	9	23_09	1	M.per	5	17	369	36	0	405
23	11	23_11	2	A.ner	1	3	17	5	0	22
23	11	23_11	2	A.ner	2	6	49	8	0	57
23	11	23_11	2	A.ner	3	9	189	27	0	216
23	11	23_11	2	A.ner	4	12	788	62	6	856
23	11	23_11	2	A.ner	5	16	1126	57	35	1218
23	12	23_12	2	M.asc	1	4	18	0	4	22
23	12	23_12	2	M.asc	2	7	19	0	2	21
23	12	23_12	2	M.asc	3	10	42	0	4	46
23	12	23_12	2	M.asc	4	13	39	0	11	50
23	12	23_12	2	M.asc	5	17	38	0	21	59
23	13	23_13	1	A.ner	1	3	12	5	0	17
23	13	23_13	1	A.ner	2	6	15	5	0	20
23	13	23_13	1	A.ner	3	9	23	11	0	34
23	13	23_13	1	A.ner	4	12	188	26	1	215
23	13	23_13	1	A.ner	5	16	637	44	4	685
23	14	23_14	1	M.per	1	4	11	5	0	16
23	14	23_14	1	M.per	2	7	42	5	0	47
23	14	23_14	1	M.per	3	10	56	19	0	75
23	14	23_14	1	M.per	4	14	255	36	0	291
23	14	23_14	1	M.per	5	18	456	39	0	495
23	15	23_15	2	A.ner	1	3	11	4	1	16
23	15	23_15	2	A.ner	2	6	34	10	1	45
23	15	23_15	2	A.ner	3	9	166	27	1	194
23	15	23_15	2	A.ner	4	12	538	33	8	579
23	15	23_15	2	A.ner	5	16	872	63	14	949
23	16	23_16	2	M.per	1	4	18	5	0	23
23	16	23_16	2	M.per	2	7	39	6	0	45
23	16	23_16	2	M.per	3	10	141	21	0	162
23	16	23_16	2	M.per	4	13	409	42	0	451
23	16	23_16	2	M.per	5	17	802	91	1	894
23	18	23_18	1	M.asc	1	3	25	0	4	29
23	18	23_18	1	M.asc	2	6	62	0	3	65
23	18	23_18	1	M.asc	3	9	92	0	3	95
23	18	23_18	1	M.asc	4	12	111	0	17	128
23	18	23_18	1	M.asc	5	16	147	0	57	204
25	1	25_01	1	A.asc	1	4	29	5	0	34
25	1	25_01	1	A.asc	2	7	45	9	0	54
25	1	25_01	1	A.asc	3	10	88	22	3	113
25	1	25_01	1	A.asc	4	13	254	38	1	293
25	1	25_01	1	A.asc	5	17	360	56	14	430
25	2	25_02	1	A.asc	1	4	0	5	0	5
25	2	25_02	1	A.asc	2	7	1	4	0	5
25	2	25_02	1	A.asc	3	10	1	3	0	4
25	2	25_02	1	A.asc	4	14	7	5	0	12
25	2	25_02	1	A.asc	5	18	11	10	0	21
25	4	25_04	2	A.asc	1	4	5	4	1	10
25	4	25_04	2	A.asc	2	7	32	5	1	38
25	4	25_04	2	A.asc	3	10	47	8	1	56
25	4	25_04	2	A.asc	4	13	150	26	0	176
25	4	25_04	2	A.asc	5	17	251	23	3	277
25	5	25_05	1	A.ner	1	3	8	5	1	14
25	5	25_05	1	A.ner	2	6	24	5	0	29
25	5	25_05	1	A.ner	3	9	72	16	0	88
25	5	25_05	1	A.ner	4	13	357	27	4	388
25	5	25_05	1	A.ner	5	17	775	62	26	863
25	6	25_06	2	M.per	1	4	12	5	0	17
25	6	25_06	2	M.per	2	7	48	5	0	53
25	6	25_06	2	M.per	3	10	70	18	0	88
25	6	25_06	2	M.per	4	13	176	19	0	195
25	6	25_06	2	M.per	5	17	377	24	2	403
25	7	25_07	1	M.asc	1	3	17	0	3	20
25	7	25_07	1	M.asc	2	6	63	0	4	67
25	7	25_07	1	M.asc	3	9	75	0	13	88
25	7	25_07	1	M.asc	4	12	76	0	13	89
25	7	25_07	1	M.asc	5	16	144	0	49	193
25	8	25_08	2	A.ner	1	3	9	4	0	13
25	8	25_08	2	A.ner	2	6	35	8	2	45
25	8	25_08	2	A.ner	3	9	127	17	3	147
25	8	25_08	2	A.ner	4	12	546	51	3	600
25	8	25_08	2	A.ner	5	16	NA	NA	NA	NA
25	9	25_09	2	M.asc	1	4	8	0	1	9
25	9	25_09	2	M.asc	2	7	15	0	5	20
25	9	25_09	2	M.asc	3	10	38	0	4	42
25	9	25_09	2	M.asc	4	13	52	0	4	56
25	9	25_09	2	M.asc	5	17	77	0	20	97
25	10	25_10	2	M.asc	1	4	7	0	5	12
25	10	25_10	2	M.asc	2	7	44	0	5	49
25	10	25_10	2	M.asc	3	10	48	0	5	53
25	10	25_10	2	M.asc	4	13	110	0	6	116
25	10	25_10	2	M.asc	5	18	237	0	31	268
25	11	25_11	1	M.asc	1	3	4	0	2	6
25	11	25_11	1	M.asc	2	6	17	0	5	22
25	11	25_11	1	M.asc	3	9	42	0	3	45
25	11	25_11	1	M.asc	4	13	39	0	9	48
25	11	25_11	1	M.asc	5	17	36	0	21	57
25	12	25_12	2	M.per	1	4	17	5	0	22
25	12	25_12	2	M.per	2	7	47	10	0	57
25	12	25_12	2	M.per	3	10	85	12	0	97
25	12	25_12	2	M.per	4	13	236	14	0	250
25	12	25_12	2	M.per	5	17	384	58	3	445
25	13	25_13	1	M.per	1	4	31	5	0	36
25	13	25_13	1	M.per	2	7	52	7	0	59
25	13	25_13	1	M.per	3	10	58	13	0	71
25	13	25_13	1	M.per	4	13	210	34	0	244
25	13	25_13	1	M.per	5	17	362	45	0	407
25	15	25_15	2	A.asc	1	4	4	3	2	9
25	15	25_15	2	A.asc	2	7	23	2	3	28
25	15	25_15	2	A.asc	3	10	29	10	3	42
25	15	25_15	2	A.asc	4	13	29	5	2	36
25	15	25_15	2	A.asc	5	17	59	5	0	64
25	16	25_16	2	A.ner	1	3	5	5	0	10
25	16	25_16	2	A.ner	2	6	22	10	1	33
25	16	25_16	2	A.ner	3	9	69	9	2	80
25	16	25_16	2	A.ner	4	12	425	35	2	462
25	16	25_16	2	A.ner	5	16	518	51	16	585
25	17	25_17	2	M.per	1	4	11	5	0	16
25	17	25_17	2	M.per	2	7	46	8	0	54
25	17	25_17	2	M.per	3	10	82	16	0	98
25	17	25_17	2	M.per	4	13	202	21	0	223
25	17	25_17	2	M.per	5	17	249	99	1	349
25	18	25_18	1	A.ner	1	3	7	4	1	12
25	18	25_18	1	A.ner	2	6	39	7	2	48
25	18	25_18	1	A.ner	3	9	82	11	3	96
25	18	25_18	1	A.ner	4	13	417	21	14	452
25	18	25_18	1	A.ner	5	17	636	17	38	691
27	1	27_01	1	M.per	1	4	15	5	0	20
27	1	27_01	1	M.per	2	7	25	5	0	30
27	1	27_01	1	M.per	3	10	56	10	0	66
27	1	27_01	1	M.per	4	14	148	24	0	172
27	1	27_01	1	M.per	5	18	196	23	0	219
27	3	27_03	1	A.asc	1	4	16	5	0	21
27	3	27_03	1	A.asc	2	7	39	8	0	47
27	3	27_03	1	A.asc	3	10	62	12	0	74
27	3	27_03	1	A.asc	4	13	137	29	1	167
27	3	27_03	1	A.asc	5	17	253	38	1	292
27	4	27_04	1	A.asc	1	4	5	5	0	10
27	4	27_04	1	A.asc	2	7	7	5	0	12
27	4	27_04	1	A.asc	3	10	7	6	0	13
27	4	27_04	1	A.asc	4	13	11	5	0	16
27	4	27_04	1	A.asc	5	17	33	13	0	46
27	5	27_05	2	M.per	1	4	11	5	0	16
27	5	27_05	2	M.per	2	7	44	7	0	51
27	5	27_05	2	M.per	3	10	67	9	0	76
27	5	27_05	2	M.per	4	13	163	28	0	191
27	5	27_05	2	M.per	5	17	321	28	0	349
27	6	27_06	1	A.ner	1	3	6	5	0	11
27	6	27_06	1	A.ner	2	6	26	5	0	31
27	6	27_06	1	A.ner	3	9	42	11	0	53
27	6	27_06	1	A.ner	4	12	135	17	2	154
27	6	27_06	1	A.ner	5	16	340	27	11	378
27	7	27_07	1	M.per	1	4	15	5	0	20
27	7	27_07	1	M.per	2	7	47	5	0	52
27	7	27_07	1	M.per	3	10	43	13	0	56
27	7	27_07	1	M.per	4	14	118	29	0	147
27	7	27_07	1	M.per	5	18	119	28	0	147
27	8	27_08	2	M.asc	1	4	11	0	5	16
27	8	27_08	2	M.asc	2	7	35	0	4	39
27	8	27_08	2	M.asc	3	10	46	0	5	51
27	8	27_08	2	M.asc	4	13	64	0	11	75
27	8	27_08	2	M.asc	5	17	159	0	24	183
27	9	27_09	2	A.ner	1	3	7	5	0	12
27	9	27_09	2	A.ner	2	6	29	5	0	34
27	9	27_09	2	A.ner	3	9	78	11	0	89
27	9	27_09	2	A.ner	4	12	329	19	0	348
27	9	27_09	2	A.ner	5	16	591	49	17	657
27	10	27_10	2	A.ner	1	4	27	5	0	32
27	10	27_10	2	A.ner	2	6	47	18	0	65
27	10	27_10	2	A.ner	3	9	224	37	1	262
27	10	27_10	2	A.ner	4	12	574	19	10	603
27	10	27_10	2	A.ner	5	16	809	68	54	931
27	12	27_12	1	A.ner	1	3	4	5	0	9
27	12	27_12	1	A.ner	2	6	19	4	2	25
27	12	27_12	1	A.ner	3	9	49	7	2	58
27	12	27_12	1	A.ner	4	13	253	26	2	281
27	12	27_12	1	A.ner	5	17	488	37	11	536
27	13	27_13	2	A.asc	1	4	9	5	0	14
27	13	27_13	2	A.asc	2	7	29	5	0	34
27	13	27_13	2	A.asc	3	10	64	11	0	75
27	13	27_13	2	A.asc	4	13	263	32	0	295
27	13	27_13	2	A.asc	5	17	530	56	7	593
27	14	27_14	2	M.asc	1	4	26	0	4	30
27	14	27_14	2	M.asc	2	7	27	0	4	31
27	14	27_14	2	M.asc	3	10	59	0	4	63
27	14	27_14	2	M.asc	4	13	25	0	14	39
27	14	27_14	2	M.asc	5	17	41	0	19	60
27	15	27_15	1	M.asc	1	3	35	0	5	40
27	15	27_15	1	M.asc	2	6	46	0	4	50
27	15	27_15	1	M.asc	3	9	37	0	5	42
27	15	27_15	1	M.asc	4	13	12	0	13	25
27	15	27_15	1	M.asc	5	17	52	0	24	76
27	16	27_16	2	A.asc	1	4	0	4	1	5
27	16	27_16	2	A.asc	2	7	5	3	0	8
27	16	27_16	2	A.asc	3	10	3	5	0	8
27	16	27_16	2	A.asc	4	13	19	5	0	24
27	16	27_16	2	A.asc	5	17	3	7	1	11
27	17	27_17	2	M.per	1	5	16	5	0	21
27	17	27_17	2	M.per	2	7	25	14	0	39
27	17	27_17	2	M.per	3	10	95	16	0	111
27	17	27_17	2	M.per	4	13	212	14	0	226
27	17	27_17	2	M.per	5	17	375	36	0	411
27	18	27_18	2	M.asc	1	4	30	0	4	34
27	18	27_18	2	M.asc	2	7	47	0	3	50
27	18	27_18	2	M.asc	3	10	84	0	16	100
27	18	27_18	2	M.asc	4	13	122	0	23	145
27	18	27_18	2	M.asc	5	17	320	0	31	351
31	1	31_01	1	A.asc	1	4	0	5	0	5
31	1	31_01	1	A.asc	2	7	14	4	1	19
31	1	31_01	1	A.asc	3	10	28	8	3	39
31	1	31_01	1	A.asc	4	13	33	9	2	44
31	1	31_01	1	A.asc	5	17	NA	NA	NA	NA
31	2	31_02	2	M.per	1	4	6	5	0	11
31	2	31_02	2	M.per	2	7	27	7	0	34
31	2	31_02	2	M.per	3	10	84	9	0	93
31	2	31_02	2	M.per	4	13	92	32	0	124
31	2	31_02	2	M.per	5	17	265	16	0	281
31	5	31_05	1	M.asc	1	3	0	0	4	4
31	5	31_05	1	M.asc	2	6	49	0	2	51
31	5	31_05	1	M.asc	3	9	47	0	2	49
31	5	31_05	1	M.asc	4	13	76	0	6	82
31	5	31_05	1	M.asc	5	17	131	0	29	160
31	6	31_06	2	A.ner	1	3	12	5	0	17
31	6	31_06	2	A.ner	2	6	29	6	0	35
31	6	31_06	2	A.ner	3	9	118	14	0	132
31	6	31_06	2	A.ner	4	12	342	26	0	368
31	6	31_06	2	A.ner	5	16	836	51	11	898
31	7	31_07	2	A.asc	1	4	1	5	0	6
31	7	31_07	2	A.asc	2	7	14	4	1	19
31	7	31_07	2	A.asc	3	10	20	6	1	27
31	7	31_07	2	A.asc	4	13	25	7	1	33
31	7	31_07	2	A.asc	5	17	122	15	3	140
31	8	31_08	2	A.asc	1	5	21	5	0	26
31	8	31_08	2	A.asc	2	7	39	9	0	48
31	8	31_08	2	A.asc	3	10	100	19	0	119
31	8	31_08	2	A.asc	4	13	257	44	4	305
31	8	31_08	2	A.asc	5	17	345	27	12	384
31	9	31_09	1	A.ner	1	3	10	5	0	15
31	9	31_09	1	A.ner	2	6	29	5	0	34
31	9	31_09	1	A.ner	3	9	43	15	0	58
31	9	31_09	1	A.ner	4	13	133	27	6	166
31	9	31_09	1	A.ner	5	17	430	34	3	467
31	10	31_10	2	M.per	1	4	24	5	0	29
31	10	31_10	2	M.per	2	7	53	13	0	66
31	10	31_10	2	M.per	3	10	171	18	0	189
31	10	31_10	2	M.per	4	13	195	23	0	218
31	10	31_10	2	M.per	5	17	262	31	1	294
31	11	31_11	2	A.ner	1	3	6	5	0	11
31	11	31_11	2	A.ner	2	6	32	7	2	41
31	11	31_11	2	A.ner	3	9	113	12	2	127
31	11	31_11	2	A.ner	4	12	192	18	7	217
31	11	31_11	2	A.ner	5	16	453	75	32	560
31	12	31_12	1	A.asc	1	4	12	5	0	17
31	12	31_12	1	A.asc	2	7	36	7	0	43
31	12	31_12	1	A.asc	3	10	42	10	0	52
31	12	31_12	1	A.asc	4	14	182	25	1	208
31	12	31_12	1	A.asc	5	18	301	33	8	342
31	13	31_13	1	M.per	1	4	16	5	0	21
31	13	31_13	1	M.per	2	7	41	9	0	50
31	13	31_13	1	M.per	3	10	41	16	0	57
31	13	31_13	1	M.per	4	14	134	14	0	148
31	13	31_13	1	M.per	5	18	203	27	0	230
31	14	31_14	1	A.ner	1	3	5	4	1	10
31	14	31_14	1	A.ner	2	6	8	4	0	12
31	14	31_14	1	A.ner	3	9	25	9	1	35
31	14	31_14	1	A.ner	4	13	179	16	0	195
31	14	31_14	1	A.ner	5	17	247	20	15	282
31	15	31_15	1	M.per	1	4	14	5	0	19
31	15	31_15	1	M.per	2	7	41	7	0	48
31	15	31_15	1	M.per	3	10	69	11	0	80
31	15	31_15	1	M.per	4	13	152	28	0	180
31	15	31_15	1	M.per	5	17	272	30	1	303
31	16	31_16	2	M.asc	1	5	46	0	5	51
31	16	31_16	2	M.asc	2	7	65	0	5	70
31	16	31_16	2	M.asc	3	10	83	0	5	88
31	16	31_16	2	M.asc	4	13	126	0	6	132
31	16	31_16	2	M.asc	5	18	405	0	36	441
31	17	31_17	2	M.asc	1	4	16	0	5	21
31	17	31_17	2	M.asc	2	7	41	0	5	46
31	17	31_17	2	M.asc	3	10	35	0	5	40
31	17	31_17	2	M.asc	4	13	12	0	6	18
31	17	31_17	2	M.asc	5	17	14	0	7	21
31	18	31_18	1	M.asc	1	3	23	0	4	27
31	18	31_18	1	M.asc	2	6	51	0	3	54
31	18	31_18	1	M.asc	3	9	66	0	1	67
31	18	31_18	1	M.asc	4	13	226	0	30	256
31	18	31_18	1	M.asc	5	17	385	0	41	426
33	1	33_01	2	M.asc	1	4	33	0	5	38
33	1	33_01	2	M.asc	2	7	31	0	1	32
33	1	33_01	2	M.asc	3	10	34	0	5	39
33	1	33_01	2	M.asc	4	13	34	0	13	47
33	1	33_01	2	M.asc	5	17	16	0	11	27
33	2	33_02	2	A.asc	1	4	8	4	1	13
33	2	33_02	2	A.asc	2	7	34	5	2	41
33	2	33_02	2	A.asc	3	10	54	7	3	64
33	2	33_02	2	A.asc	4	13	139	24	1	164
33	2	33_02	2	A.asc	5	17	303	27	10	340
33	3	33_03	2	M.asc	1	5	9	0	5	14
33	3	33_03	2	M.asc	2	7	14	0	4	18
33	3	33_03	2	M.asc	3	10	24	0	2	26
33	3	33_03	2	M.asc	4	13	29	0	6	35
33	3	33_03	2	M.asc	5	17	116	0	16	132
33	4	33_04	1	M.asc	1	3	24	0	5	29
33	4	33_04	1	M.asc	2	6	69	0	5	74
33	4	33_04	1	M.asc	3	9	76	0	4	80
33	4	33_04	1	M.asc	4	13	165	0	29	194
33	4	33_04	1	M.asc	5	17	204	0	54	258
33	5	33_05	2	A.ner	1	4	11	5	0	16
33	5	33_05	2	A.ner	2	6	44	8	1	53
33	5	33_05	2	A.ner	3	9	131	19	0	150
33	5	33_05	2	A.ner	4	12	255	30	7	292
33	5	33_05	2	A.ner	5	16	366	18	25	409
33	6	33_06	1	M.per	1	4	4	5	0	9
33	6	33_06	1	M.per	2	7	29	3	0	32
33	6	33_06	1	M.per	3	10	26	7	0	33
33	6	33_06	1	M.per	4	14	144	16	0	160
33	6	33_06	1	M.per	5	18	147	26	0	173
33	7	33_07	2	M.per	1	4	11	5	0	16
33	7	33_07	2	M.per	2	7	34	7	0	41
33	7	33_07	2	M.per	3	10	65	7	0	72
33	7	33_07	2	M.per	4	13	136	32	0	168
33	7	33_07	2	M.per	5	17	255	14	0	269
33	8	33_08	1	A.asc	1	4	7	4	1	12
33	8	33_08	1	A.asc	2	7	16	5	1	22
33	8	33_08	1	A.asc	3	10	41	7	1	49
33	8	33_08	1	A.asc	4	13	76	17	1	94
33	8	33_08	1	A.asc	5	17	56	14	3	73
33	10	33_10	2	A.asc	1	4	0	4	1	5
33	10	33_10	2	A.asc	2	7	2	4	0	6
33	10	33_10	2	A.asc	3	10	4	2	2	8
33	10	33_10	2	A.asc	4	13	5	2	0	7
33	10	33_10	2	A.asc	5	17	0	2	2	4
33	12	33_12	1	M.asc	1	3	18	0	3	21
33	12	33_12	1	M.asc	2	6	21	0	5	26
33	12	33_12	1	M.asc	3	9	41	0	5	46
33	12	33_12	1	M.asc	4	13	39	0	21	60
33	12	33_12	1	M.asc	5	17	17	0	19	36
33	13	33_13	1	A.asc	1	4	10	5	0	15
33	13	33_13	1	A.asc	2	7	16	5	0	21
33	13	33_13	1	A.asc	3	10	36	7	0	43
33	13	33_13	1	A.asc	4	13	54	18	1	73
33	13	33_13	1	A.asc	5	17	101	12	2	115
33	14	33_14	2	A.ner	1	3	8	5	0	13
33	14	33_14	2	A.ner	2	6	26	2	0	28
33	14	33_14	2	A.ner	3	9	65	11	0	76
33	14	33_14	2	A.ner	4	12	200	17	2	219
33	14	33_14	2	A.ner	5	16	334	19	6	359
33	15	33_15	1	M.per	1	4	12	5	0	17
33	15	33_15	1	M.per	2	7	38	5	0	43
33	15	33_15	1	M.per	3	10	60	21	0	81
33	15	33_15	1	M.per	4	13	163	26	0	189
33	15	33_15	1	M.per	5	17	174	29	0	203
33	16	33_16	1	A.ner	1	3	8	5	0	13
33	16	33_16	1	A.ner	2	6	12	5	0	17
33	16	33_16	1	A.ner	3	9	19	5	0	24
33	16	33_16	1	A.ner	4	13	45	26	0	71
33	16	33_16	1	A.ner	5	17	289	19	0	308
33	17	33_17	2	M.per	1	4	14	5	0	19
33	17	33_17	2	M.per	2	7	52	9	0	61
33	17	33_17	2	M.per	3	10	53	13	0	66
33	17	33_17	2	M.per	4	13	210	23	0	233
33	17	33_17	2	M.per	5	17	327	31	0	358
33	18	33_18	1	A.ner	1	3	6	5	0	11
33	18	33_18	1	A.ner	2	6	18	5	0	23
33	18	33_18	1	A.ner	3	9	29	6	0	35
33	18	33_18	1	A.ner	4	13	81	19	0	100
33	18	33_18	1	A.ner	5	17	219	22	1	242
35	1	35_01	1	A.ner	1	3	11	4	1	16
35	1	35_01	1	A.ner	2	6	31	7	1	39
35	1	35_01	1	A.ner	3	9	89	16	0	105
35	1	35_01	1	A.ner	4	13	192	15	3	210
35	1	35_01	1	A.ner	5	17	287	23	14	324
35	2	35_02	1	M.per	1	4	16	5	0	21
35	2	35_02	1	M.per	2	7	22	4	0	26
35	2	35_02	1	M.per	3	10	29	6	0	35
35	2	35_02	1	M.per	4	13	44	9	0	53
35	2	35_02	1	M.per	5	17	62	7	0	69
35	3	35_03	1	M.per	1	4	15	5	0	20
35	3	35_03	1	M.per	2	7	26	5	0	31
35	3	35_03	1	M.per	3	10	44	14	0	58
35	3	35_03	1	M.per	4	14	132	11	0	143
35	3	35_03	1	M.per	5	18	162	30	0	192
35	4	35_04	2	M.asc	1	4	6	0	3	9
35	4	35_04	2	M.asc	2	7	7	0	3	10
35	4	35_04	2	M.asc	3	10	9	0	3	12
35	4	35_04	2	M.asc	4	13	16	0	2	18
35	4	35_04	2	M.asc	5	18	39	0	6	45
35	5	35_05	2	M.per	1	4	11	5	0	16
35	5	35_05	2	M.per	2	7	53	12	0	65
35	5	35_05	2	M.per	3	10	89	12	0	101
35	5	35_05	2	M.per	4	13	236	32	0	268
35	5	35_05	2	M.per	5	17	479	47	0	526
35	6	35_06	1	A.ner	1	3	6	5	0	11
35	6	35_06	1	A.ner	2	6	21	5	0	26
35	6	35_06	1	A.ner	3	9	41	6	0	47
35	6	35_06	1	A.ner	4	12	29	14	2	45
35	6	35_06	1	A.ner	5	16	72	13	2	87
35	7	35_07	1	M.asc	1	3	30	0	3	33
35	7	35_07	1	M.asc	2	6	43	0	2	45
35	7	35_07	1	M.asc	3	9	47	0	2	49
35	7	35_07	1	M.asc	4	12	38	0	7	45
35	7	35_07	1	M.asc	5	16	35	0	26	61
35	8	35_08	2	A.asc	1	4	1	3	2	6
35	8	35_08	2	A.asc	2	7	2	5	0	7
35	8	35_08	2	A.asc	3	10	8	5	0	13
35	8	35_08	2	A.asc	4	13	31	5	1	37
35	8	35_08	2	A.asc	5	17	92	9	0	101
35	9	35_09	2	M.asc	1	5	36	0	3	39
35	9	35_09	2	M.asc	2	7	51	0	3	54
35	9	35_09	2	M.asc	3	10	80	0	5	85
35	9	35_09	2	M.asc	4	13	91	0	22	113
35	9	35_09	2	M.asc	5	17	181	0	46	227
35	10	35_10	1	A.asc	1	4	10	5	0	15
35	10	35_10	1	A.asc	2	7	27	5	0	32
35	10	35_10	1	A.asc	3	10	30	5	0	35
35	10	35_10	1	A.asc	4	14	93	19	0	112
35	10	35_10	1	A.asc	5	18	131	18	1	150
35	11	35_11	2	A.ner	1	3	7	4	1	12
35	11	35_11	2	A.ner	2	6	12	5	0	17
35	11	35_11	2	A.ner	3	9	73	11	1	85
35	11	35_11	2	A.ner	4	12	108	13	0	121
35	11	35_11	2	A.ner	5	16	373	94	9	476
35	12	35_12	2	A.ner	1	4	9	5	0	14
35	12	35_12	2	A.ner	2	6	41	7	0	48
35	12	35_12	2	A.ner	3	9	76	15	0	91
35	12	35_12	2	A.ner	4	12	257	36	0	293
35	12	35_12	2	A.ner	5	16	734	47	8	789
35	13	35_13	1	A.asc	1	4	0	5	0	5
35	13	35_13	1	A.asc	2	7	1	5	0	6
35	13	35_13	1	A.asc	3	10	0	5	0	5
35	13	35_13	1	A.asc	4	13	0	4	0	4
35	13	35_13	1	A.asc	5	17	0	6	0	6
37	1	37_01	2	A.asc	1	4	13	4	0	17
37	1	37_01	2	A.asc	2	7	26	3	0	29
37	1	37_01	2	A.asc	3	10	19	6	0	25
37	1	37_01	2	A.asc	4	13	39	8	1	48
37	1	37_01	2	A.asc	5	17	141	21	7	169
37	3	37_03	2	M.asc	1	4	17	0	3	20
37	3	37_03	2	M.asc	2	7	43	0	3	46
37	3	37_03	2	M.asc	3	10	57	0	5	62
37	3	37_03	2	M.asc	4	13	114	0	11	125
37	3	37_03	2	M.asc	5	18	279	0	25	304
37	4	37_04	1	M.asc	1	3	26	0	5	31
37	4	37_04	1	M.asc	2	6	45	0	5	50
37	4	37_04	1	M.asc	3	9	61	0	3	64
37	4	37_04	1	M.asc	4	12	46	0	9	55
37	4	37_04	1	M.asc	5	16	85	0	34	119
37	5	37_05	2	A.ner	1	3	3	5	0	8
37	5	37_05	2	A.ner	2	6	33	7	0	40
37	5	37_05	2	A.ner	3	9	92	23	0	115
37	5	37_05	2	A.ner	4	12	306	33	1	340
37	5	37_05	2	A.ner	5	16	600	18	22	640
37	6	37_06	1	A.ner	1	3	6	5	0	11
37	6	37_06	1	A.ner	2	6	9	5	0	14
37	6	37_06	1	A.ner	3	9	19	7	0	26
37	6	37_06	1	A.ner	4	13	126	13	0	139
37	6	37_06	1	A.ner	5	17	236	47	10	293
37	7	37_07	1	M.asc	1	3	9	0	5	14
37	7	37_07	1	M.asc	2	6	53	0	4	57
37	7	37_07	1	M.asc	3	9	64	0	3	67
37	7	37_07	1	M.asc	4	12	56	0	12	68
37	7	37_07	1	M.asc	5	16	68	0	41	109
37	8	37_08	1	M.per	1	4	25	5	0	30
37	8	37_08	1	M.per	2	7	55	8	0	63
37	8	37_08	1	M.per	3	10	64	17	0	81
37	8	37_08	1	M.per	4	13	214	24	0	238
37	8	37_08	1	M.per	5	17	259	29	0	288
37	9	37_09	2	A.asc	1	4	20	4	1	25
37	9	37_09	2	A.asc	2	7	32	9	1	42
37	9	37_09	2	A.asc	3	10	65	9	5	79
37	9	37_09	2	A.asc	4	13	161	16	12	189
37	9	37_09	2	A.asc	5	17	389	25	21	435
37	10	37_10	2	M.per	1	4	15	5	0	20
37	10	37_10	2	M.per	2	7	48	8	0	56
37	10	37_10	2	M.per	3	10	72	11	0	83
37	10	37_10	2	M.per	4	13	143	24	0	167
37	10	37_10	2	M.per	5	17	224	41	0	265
37	11	37_11	2	A.ner	1	3	11	5	0	16
37	11	37_11	2	A.ner	2	6	27	8	0	35
37	11	37_11	2	A.ner	3	9	127	14	2	143
37	11	37_11	2	A.ner	4	12	346	19	4	369
37	11	37_11	2	A.ner	5	16	451	14	22	487
37	12	37_12	2	M.asc	1	4	41	0	3	44
37	12	37_12	2	M.asc	2	7	54	0	3	57
37	12	37_12	2	M.asc	3	10	92	0	3	95
37	12	37_12	2	M.asc	4	13	109	0	32	141
37	12	37_12	2	M.asc	5	17	247	0	47	294
37	13	37_13	1	M.per	1	4	11	5	0	16
37	13	37_13	1	M.per	2	7	53	6	0	59
37	13	37_13	1	M.per	3	10	50	11	0	61
37	13	37_13	1	M.per	4	13	141	19	0	160
37	13	37_13	1	M.per	5	17	125	32	2	159
37	14	37_14	1	A.ner	1	3	8	5	0	13
37	14	37_14	1	A.ner	2	6	14	5	0	19
37	14	37_14	1	A.ner	3	9	36	11	0	47
37	14	37_14	1	A.ner	4	13	153	21	1	175
37	14	37_14	1	A.ner	5	17	315	27	7	349
37	15	37_15	2	M.per	1	4	11	5	0	16
37	15	37_15	2	M.per	2	7	46	4	0	50
37	15	37_15	2	M.per	3	10	73	12	0	85
37	15	37_15	2	M.per	4	13	191	20	0	211
37	15	37_15	2	M.per	5	17	317	16	1	334
37	16	37_16	1	A.asc	1	4	18	4	1	23
37	16	37_16	1	A.asc	2	7	40	5	1	46
37	16	37_16	1	A.asc	3	10	78	16	2	96
37	16	37_16	1	A.asc	4	13	207	28	0	235
37	16	37_16	1	A.asc	5	17	268	31	16	315
37	17	37_17	1	A.asc	1	4	1	5	0	6
37	17	37_17	1	A.asc	2	7	12	5	0	17
37	17	37_17	1	A.asc	3	10	13	5	0	18
37	17	37_17	1	A.asc	4	13	49	8	0	57
37	17	37_17	1	A.asc	5	17	146	27	3	176
41	1	41_01	2	A.ner	1	4	13	5	0	18
41	1	41_01	2	A.ner	2	6	31	8	0	39
41	1	41_01	2	A.ner	3	9	107	19	0	126
41	1	41_01	2	A.ner	4	12	334	31	0	365
41	1	41_01	2	A.ner	5	16	666	26	24	716
41	2	41_02	1	A.asc	1	4	13	5	0	18
41	2	41_02	1	A.asc	2	7	50	5	0	55
41	2	41_02	1	A.asc	3	10	63	24	0	87
41	2	41_02	1	A.asc	4	14	240	42	4	286
41	2	41_02	1	A.asc	5	18	294	38	10	342
41	3	41_03	2	A.ner	1	4	7	5	0	12
41	3	41_03	2	A.ner	2	6	12	6	0	18
41	3	41_03	2	A.ner	3	9	58	10	0	68
41	3	41_03	2	A.ner	4	12	188	24	0	212
41	3	41_03	2	A.ner	5	16	482	34	13	529
41	4	41_04	1	M.asc	1	3	5	0	5	10
41	4	41_04	1	M.asc	2	6	58	0	4	62
41	4	41_04	1	M.asc	3	9	64	0	2	66
41	4	41_04	1	M.asc	4	13	104	0	14	118
41	4	41_04	1	M.asc	5	17	81	0	36	117
41	5	41_05	1	M.asc	1	3	7	0	3	10
41	5	41_05	1	M.asc	2	6	19	0	2	21
41	5	41_05	1	M.asc	3	9	23	0	2	25
41	5	41_05	1	M.asc	4	13	15	0	11	26
41	5	41_05	1	M.asc	5	17	19	0	11	30
41	6	41_06	2	M.per	1	4	20	5	0	25
41	6	41_06	2	M.per	2	7	48	7	0	55
41	6	41_06	2	M.per	3	10	135	15	0	150
41	6	41_06	2	M.per	4	13	201	23	0	224
41	6	41_06	2	M.per	5	17	569	39	0	608
41	7	41_07	2	M.asc	1	4	33	0	3	36
41	7	41_07	2	M.asc	2	7	54	0	4	58
41	7	41_07	2	M.asc	3	10	87	0	10	97
41	7	41_07	2	M.asc	4	13	216	0	43	259
41	7	41_07	2	M.asc	5	18	351	0	64	415
41	8	41_08	1	A.ner	1	3	8	5	0	13
41	8	41_08	1	A.ner	2	6	25	8	0	33
41	8	41_08	1	A.ner	3	9	93	13	1	107
41	8	41_08	1	A.ner	4	13	390	28	5	423
41	8	41_08	1	A.ner	5	17	462	34	63	559
41	10	41_10	2	M.asc	1	4	7	0	4	11
41	10	41_10	2	M.asc	2	7	33	0	3	36
41	10	41_10	2	M.asc	3	10	46	0	1	47
41	10	41_10	2	M.asc	4	13	34	0	4	38
41	10	41_10	2	M.asc	5	17	41	0	24	65
41	11	41_11	1	M.per	1	4	18	5	0	23
41	11	41_11	1	M.per	2	7	35	6	0	41
41	11	41_11	1	M.per	3	10	88	22	0	110
41	11	41_11	1	M.per	4	13	183	24	0	207
41	11	41_11	1	M.per	5	17	308	39	0	347
41	12	41_12	1	A.ner	1	3	2	5	0	7
41	12	41_12	1	A.ner	2	6	5	4	1	10
41	12	41_12	1	A.ner	3	9	25	3	0	28
41	12	41_12	1	A.ner	4	13	74	12	1	87
41	12	41_12	1	A.ner	5	17	168	21	2	191
41	13	41_13	1	A.asc	1	4	16	5	0	21
41	13	41_13	1	A.asc	2	7	31	7	0	38
41	13	41_13	1	A.asc	3	10	68	17	0	85
41	13	41_13	1	A.asc	4	14	231	26	3	260
41	13	41_13	1	A.asc	5	18	333	56	12	401
41	14	41_14	2	M.per	1	4	22	5	0	27
41	14	41_14	2	M.per	2	7	67	14	0	81
41	14	41_14	2	M.per	3	10	162	21	0	183
41	14	41_14	2	M.per	4	13	279	43	0	322
41	14	41_14	2	M.per	5	17	498	47	2	547
41	15	41_15	2	A.asc	1	4	4	3	2	9
41	15	41_15	2	A.asc	2	7	15	4	2	21
41	15	41_15	2	A.asc	3	10	43	3	2	48
41	15	41_15	2	A.asc	4	13	60	11	2	73
41	15	41_15	2	A.asc	5	17	167	23	2	192
41	17	41_17	2	A.asc	1	4	0	4	1	5
41	17	41_17	2	A.asc	2	7	28	5	1	34
41	17	41_17	2	A.asc	3	10	48	8	1	57
41	17	41_17	2	A.asc	4	13	137	18	0	155
41	17	41_17	2	A.asc	5	17	203	32	3	238
41	18	41_18	2	M.per	1	5	11	5	0	16
41	18	41_18	2	M.per	2	7	54	5	0	59
41	18	41_18	2	M.per	3	10	96	8	0	104
41	18	41_18	2	M.per	4	13	102	26	0	128
41	18	41_18	2	M.per	5	17	350	46	0	396
43	1	43_01	2	M.per	1	5	15	5	0	20
43	1	43_01	2	M.per	2	7	39	9	0	48
43	1	43_01	2	M.per	3	10	44	9	0	53
43	1	43_01	2	M.per	4	13	118	18	0	136
43	1	43_01	2	M.per	5	17	194	24	0	218
43	2	43_02	1	A.ner	1	3	8	5	0	13
43	2	43_02	1	A.ner	2	6	41	7	0	48
43	2	43_02	1	A.ner	3	9	75	17	0	92
43	2	43_02	1	A.ner	4	12	170	19	7	196
43	2	43_02	1	A.ner	5	16	205	28	11	244
43	3	43_03	2	A.ner	1	3	6	5	0	11
43	3	43_03	2	A.ner	2	6	27	7	0	34
43	3	43_03	2	A.ner	3	9	69	11	0	80
43	3	43_03	2	A.ner	4	12	242	18	0	260
43	3	43_03	2	A.ner	5	16	478	26	12	516
43	6	43_06	1	M.per	1	4	16	5	0	21
43	6	43_06	1	M.per	2	7	31	4	0	35
43	6	43_06	1	M.per	3	10	39	7	0	46
43	6	43_06	1	M.per	4	13	46	7	0	53
43	6	43_06	1	M.per	5	17	60	18	0	78
43	7	43_07	2	A.asc	1	5	9	5	0	14
43	7	43_07	2	A.asc	2	7	19	5	0	24
43	7	43_07	2	A.asc	3	10	36	9	0	45
43	7	43_07	2	A.asc	4	13	79	14	0	93
43	7	43_07	2	A.asc	5	17	126	18	3	147
43	8	43_08	1	M.per	1	4	12	5	0	17
43	8	43_08	1	M.per	2	7	33	6	0	39
43	8	43_08	1	M.per	3	10	26	8	0	34
43	8	43_08	1	M.per	4	13	92	24	0	116
43	8	43_08	1	M.per	5	17	58	23	0	81
43	9	43_09	2	A.asc	1	4	28	4	1	33
43	9	43_09	2	A.asc	2	7	27	4	1	32
43	9	43_09	2	A.asc	3	10	21	4	1	26
43	9	43_09	2	A.asc	4	13	27	7	1	35
43	9	43_09	2	A.asc	5	17	53	10	0	63
43	10	43_10	1	M.asc	1	3	9	0	4	13
43	10	43_10	1	M.asc	2	6	51	0	4	55
43	10	43_10	1	M.asc	3	9	74	0	4	78
43	10	43_10	1	M.asc	4	13	83	0	14	97
43	10	43_10	1	M.asc	5	17	169	0	37	206
43	11	43_11	1	A.ner	1	3	29	5	0	34
43	11	43_11	1	A.ner	2	6	55	9	0	64
43	11	43_11	1	A.ner	3	9	108	24	5	137
43	11	43_11	1	A.ner	4	12	287	30	12	329
43	11	43_11	1	A.ner	5	16	517	34	48	599
43	12	43_12	1	A.asc	1	4	7	5	0	12
43	12	43_12	1	A.asc	2	7	18	5	0	23
43	12	43_12	1	A.asc	3	10	29	13	0	42
43	12	43_12	1	A.asc	4	14	98	19	1	118
43	12	43_12	1	A.asc	5	18	124	38	1	163
43	13	43_13	1	A.asc	1	4	8	5	0	13
43	13	43_13	1	A.asc	2	7	16	5	0	21
43	13	43_13	1	A.asc	3	10	28	8	0	36
43	13	43_13	1	A.asc	4	14	110	17	1	128
43	13	43_13	1	A.asc	5	18	138	18	1	157
43	14	43_14	1	M.asc	1	3	17	0	4	21
43	14	43_14	1	M.asc	2	6	8	0	4	12
43	14	43_14	1	M.asc	3	9	10	0	3	13
43	14	43_14	1	M.asc	4	12	1	0	4	5
43	14	43_14	1	M.asc	5	16	0	0	2	2
43	15	43_15	2	A.ner	1	3	1	4	1	6
43	15	43_15	2	A.ner	2	6	34	4	1	39
43	15	43_15	2	A.ner	3	9	70	11	2	83
43	15	43_15	2	A.ner	4	12	240	16	2	258
43	15	43_15	2	A.ner	5	16	469	41	8	518
43	16	43_16	2	M.asc	1	5	18	0	2	20
43	16	43_16	2	M.asc	2	7	20	0	2	22
43	16	43_16	2	M.asc	3	10	29	0	2	31
43	16	43_16	2	M.asc	4	13	49	0	7	56
43	16	43_16	2	M.asc	5	17	98	0	21	119
43	17	43_17	2	M.per	1	4	18	5	0	23
43	17	43_17	2	M.per	2	7	68	14	0	82
43	17	43_17	2	M.per	3	10	186	28	0	214
43	17	43_17	2	M.per	4	13	203	26	0	229
43	17	43_17	2	M.per	5	17	414	31	0	445
43	18	43_18	2	M.asc	1	4	18	0	2	20
43	18	43_18	2	M.asc	2	7	30	0	3	33
43	18	43_18	2	M.asc	3	10	32	0	2	34
43	18	43_18	2	M.asc	4	13	66	0	9	75
43	18	43_18	2	M.asc	5	18	147	0	19	166
45	1	45_01	1	M.asc	1	3	30	0	4	34
45	1	45_01	1	M.asc	2	6	69	0	3	72
45	1	45_01	1	M.asc	3	9	78	0	4	82
45	1	45_01	1	M.asc	4	13	209	0	27	236
45	1	45_01	1	M.asc	5	17	406	0	52	458
45	2	45_02	1	M.asc	1	3	26	0	2	28
45	2	45_02	1	M.asc	2	6	68	0	4	72
45	2	45_02	1	M.asc	3	9	86	0	6	92
45	2	45_02	1	M.asc	4	12	81	0	19	100
45	2	45_02	1	M.asc	5	16	111	0	28	139
45	3	45_03	1	A.ner	1	3	9	4	1	14
45	3	45_03	1	A.ner	2	6	41	4	1	46
45	3	45_03	1	A.ner	3	9	74	9	1	84
45	3	45_03	1	A.ner	4	13	242	19	4	265
45	3	45_03	1	A.ner	5	17	345	35	33	413
45	5	45_05	1	A.ner	1	3	7	5	0	12
45	5	45_05	1	A.ner	2	6	32	5	0	37
45	5	45_05	1	A.ner	3	9	64	9	1	74
45	5	45_05	1	A.ner	4	12	89	12	3	104
45	5	45_05	1	A.ner	5	16	149	18	7	174
45	6	45_06	1	A.asc	1	4	20	5	0	25
45	6	45_06	1	A.asc	2	7	35	7	0	42
45	6	45_06	1	A.asc	3	10	49	5	2	56
45	6	45_06	1	A.asc	4	13	69	15	0	84
45	6	45_06	1	A.asc	5	17	134	23	0	157
45	7	45_07	2	A.ner	1	3	5	5	0	10
45	7	45_07	2	A.ner	2	6	22	4	0	26
45	7	45_07	2	A.ner	3	9	122	12	0	134
45	7	45_07	2	A.ner	4	12	191	25	0	216
45	7	45_07	2	A.ner	5	16	250	32	28	310
45	8	45_08	2	M.per	1	4	12	5	0	17
45	8	45_08	2	M.per	2	7	35	6	0	41
45	8	45_08	2	M.per	3	10	47	12	0	59
45	8	45_08	2	M.per	4	13	118	19	0	137
45	8	45_08	2	M.per	5	17	206	21	0	227
45	9	45_09	2	M.per	1	4	27	5	0	32
45	9	45_09	2	M.per	2	7	33	9	0	42
45	9	45_09	2	M.per	3	10	78	14	0	92
45	9	45_09	2	M.per	4	13	159	23	0	182
45	9	45_09	2	M.per	5	17	212	17	0	229
45	10	45_10	2	A.asc	1	4	0	5	0	5
45	10	45_10	2	A.asc	2	7	34	5	0	39
45	10	45_10	2	A.asc	3	10	43	7	0	50
45	10	45_10	2	A.asc	4	13	51	16	0	67
45	10	45_10	2	A.asc	5	17	250	14	2	266
45	11	45_11	2	A.ner	1	4	19	5	0	24
45	11	45_11	2	A.ner	2	6	32	9	0	41
45	11	45_11	2	A.ner	3	9	101	12	0	113
45	11	45_11	2	A.ner	4	12	337	29	0	366
45	11	45_11	2	A.ner	5	16	584	41	22	647
45	12	45_12	2	A.asc	1	4	10	5	0	15
45	12	45_12	2	A.asc	2	7	27	12	0	39
45	12	45_12	2	A.asc	3	10	116	17	1	134
45	12	45_12	2	A.asc	4	13	254	25	7	286
45	12	45_12	2	A.asc	5	17	262	43	35	340
45	13	45_13	1	M.per	1	4	13	5	0	18
45	13	45_13	1	M.per	2	7	41	3	0	44
45	13	45_13	1	M.per	3	10	25	5	0	30
45	13	45_13	1	M.per	4	14	30	11	0	41
45	13	45_13	1	M.per	5	18	14	5	0	19
45	14	45_14	2	M.asc	1	4	21	0	5	26
45	14	45_14	2	M.asc	2	7	8	0	4	12
45	14	45_14	2	M.asc	3	10	27	0	2	29
45	14	45_14	2	M.asc	4	13	0	0	3	3
45	14	45_14	2	M.asc	5	17	0	0	2	2
45	15	45_15	2	M.asc	1	4	8	0	4	12
45	15	45_15	2	M.asc	2	7	14	0	4	18
45	15	45_15	2	M.asc	3	10	11	0	4	15
45	15	45_15	2	M.asc	4	13	4	0	3	7
45	15	45_15	2	M.asc	5	18	4	0	2	6
45	17	45_17	1	M.per	1	4	33	5	0	38
45	17	45_17	1	M.per	2	7	63	13	0	76
45	17	45_17	1	M.per	3	10	92	23	0	115
45	17	45_17	1	M.per	4	14	265	24	0	289
45	17	45_17	1	M.per	5	18	263	47	2	312
45	18	45_18	1	A.asc	1	4	8	5	0	13
45	18	45_18	1	A.asc	2	7	20	5	0	25
45	18	45_18	1	A.asc	3	10	17	6	0	23
45	18	45_18	1	A.asc	4	14	30	14	0	44
45	18	45_18	1	A.asc	5	18	111	13	1	125
47	1	47_01	1	A.ner	1	3	8	5	0	13
47	1	47_01	1	A.ner	2	6	25	6	0	31
47	1	47_01	1	A.ner	3	9	58	9	1	68
47	1	47_01	1	A.ner	4	12	73	14	0	87
47	1	47_01	1	A.ner	5	16	135	23	0	158
47	2	47_02	1	M.asc	1	3	33	0	5	38
47	2	47_02	1	M.asc	2	6	49	0	4	53
47	2	47_02	1	M.asc	3	9	90	0	2	92
47	2	47_02	1	M.asc	4	13	135	0	18	153
47	2	47_02	1	M.asc	5	17	175	0	56	231
47	4	47_04	1	M.per	1	4	24	5	0	29
47	4	47_04	1	M.per	2	7	60	12	0	72
47	4	47_04	1	M.per	3	10	95	15	0	110
47	4	47_04	1	M.per	4	14	246	22	0	268
47	4	47_04	1	M.per	5	18	267	28	0	295
47	5	47_05	2	M.asc	1	4	5	0	0	5
47	5	47_05	2	M.asc	2	7	13	0	5	18
47	5	47_05	2	M.asc	3	10	18	0	3	21
47	5	47_05	2	M.asc	4	13	26	0	4	30
47	5	47_05	2	M.asc	5	17	42	0	13	55
47	6	47_06	1	A.asc	1	4	11	5	1	17
47	6	47_06	1	A.asc	2	7	24	4	1	29
47	6	47_06	1	A.asc	3	10	33	8	1	42
47	6	47_06	1	A.asc	4	14	108	23	1	132
47	6	47_06	1	A.asc	5	18	229	41	0	270
47	7	47_07	2	M.per	1	4	8	5	0	13
47	7	47_07	2	M.per	2	7	37	11	0	48
47	7	47_07	2	M.per	3	10	136	15	0	151
47	7	47_07	2	M.per	4	13	249	38	0	287
47	7	47_07	2	M.per	5	17	441	32	4	477
47	8	47_08	2	A.asc	1	4	10	5	0	15
47	8	47_08	2	A.asc	2	7	25	3	0	28
47	8	47_08	2	A.asc	3	10	25	4	1	30
47	8	47_08	2	A.asc	4	13	14	5	0	19
47	8	47_08	2	A.asc	5	17	20	3	0	23
47	9	47_09	2	A.asc	1	5	0	5	0	5
47	9	47_09	2	A.asc	2	7	1	4	0	5
47	9	47_09	2	A.asc	3	10	5	3	0	8
47	9	47_09	2	A.asc	4	13	5	2	0	7
47	9	47_09	2	A.asc	5	17	45	4	0	49
47	11	47_11	2	M.per	1	5	16	5	0	21
47	11	47_11	2	M.per	2	7	33	9	0	42
47	11	47_11	2	M.per	3	10	58	11	0	69
47	11	47_11	2	M.per	4	13	125	9	0	134
47	11	47_11	2	M.per	5	17	233	32	0	265
47	12	47_12	1	A.ner	1	3	4	5	0	9
47	12	47_12	1	A.ner	2	6	29	7	0	36
47	12	47_12	1	A.ner	3	9	58	16	0	74
47	12	47_12	1	A.ner	4	12	161	26	12	199
47	12	47_12	1	A.ner	5	16	345	25	34	404
47	13	47_13	2	M.asc	1	4	29	0	3	32
47	13	47_13	2	M.asc	2	7	40	0	3	43
47	13	47_13	2	M.asc	3	10	44	0	3	47
47	13	47_13	2	M.asc	4	13	64	0	12	76
47	13	47_13	2	M.asc	5	17	223	0	31	254
47	14	47_14	2	A.ner	1	3	9	5	0	14
47	14	47_14	2	A.ner	2	6	21	5	0	26
47	14	47_14	2	A.ner	3	9	37	4	0	41
47	14	47_14	2	A.ner	4	12	178	21	0	199
47	14	47_14	2	A.ner	5	16	353	26	7	386
47	15	47_15	1	M.asc	1	3	11	0	4	15
47	15	47_15	1	M.asc	2	6	52	0	5	57
47	15	47_15	1	M.asc	3	9	67	0	3	70
47	15	47_15	1	M.asc	4	13	85	0	7	92
47	15	47_15	1	M.asc	5	17	185	0	32	217
47	16	47_16	1	A.asc	1	4	2	5	0	7
47	16	47_16	1	A.asc	2	7	2	5	0	7
47	16	47_16	1	A.asc	3	10	18	7	0	25
47	16	47_16	1	A.asc	4	14	36	11	0	47
47	16	47_16	1	A.asc	5	18	90	28	0	118
47	17	47_17	2	A.ner	1	4	8	5	0	13
47	17	47_17	2	A.ner	2	6	16	7	0	23
47	17	47_17	2	A.ner	3	9	89	14	0	103
47	17	47_17	2	A.ner	4	12	215	15	2	232
47	17	47_17	2	A.ner	5	16	672	34	21	727
47	18	47_18	1	M.per	1	4	12	5	0	17
47	18	47_18	1	M.per	2	7	32	8	0	40
47	18	47_18	1	M.per	3	10	49	14	0	63
47	18	47_18	1	M.per	4	13	113	18	0	131
47	18	47_18	1	M.per	5	17	257	38	0	295
