Genotype	Replicate	Chamber	Honeydew.mass	Species	Aphid.start	Aphid.end	Exposure.time	Cumulative.aphids	day1	day2	day3	day4	day5
1	1	2	2.508	A.asc	47	105	4	333	61.5	76	90.5	105	NA
1	2	2	11.6522	A.asc	186	451	4	1406.5	252.25	318.5	384.75	451	NA
1	3	1	12.5047	A.asc	131	116	4	486.5	127.25	123.5	119.75	116	NA
1	4	1	52.0495	A.ner	378	556	4	1957	422.5	467	511.5	556	NA
1	5	2	3.4938	M.per	191	329	4	1109	225.5	260	294.5	329	NA
1	6	1	28.2159	A.ner	716	766	4	2989	728.5	741	753.5	766	NA
1	7	2	4.4436	M.asc	14	24	5	100	16	18	20	22	24
1	8	1	0.9628	M.per	229	386	4	1308.5	268.25	307.5	346.75	386	NA
1	9	2	15.7191	A.ner	511	820	4	2816.5	588.25	665.5	742.75	820	NA
1	11	1	4.5573	A.asc	226	261	4	991.5	234.75	243.5	252.25	261	NA
1	12	2	3.0994	M.asc	21	29	4	104	23	25	27	29	NA
1	13	2	52.902	A.ner	472	1031	4	3285.5	611.75	751.5	891.25	1031	NA
1	14	1	5.1277	M.per	261	337	4	1234	280	299	318	337	NA
1	15	1	46.0125	M.asc	166	184	4	709	170.5	175	179.5	184	NA
1	17	2	3.5859	M.per	436	530	4	1979	459.5	483	506.5	530	NA
1	18	1	7.0731	M.asc	75	64	4	272.5	72.25	69.5	66.75	64	NA
3	1	1	21.8012	A.asc	338	459	4	1654.5	368.25	398.5	428.75	459	NA
3	2	1	72.2054	A.ner	333	476	4	1689.5	368.75	404.5	440.25	476	NA
3	3	1	10.5628	M.asc	211	137	3	485	186.3333333	161.6666667	137	NA	NA
3	4	2	24.4966	A.asc	302	521	4	1755.5	356.75	411.5	466.25	521	NA
3	5	1	18.1348	M.asc	59	37	4	181	53.5	48	42.5	37	NA
3	6	2	4.2669	M.asc	28	50	4	167	33.5	39	44.5	50	NA
3	7	1	4.0331	M.per	353	485	4	1742	386	419	452	485	NA
3	8	2	9.7904	M.asc	39	90	5	348	49.2	59.4	69.6	79.8	90
3	9	1	0.7376	M.per	213	352	4	1199.5	247.75	282.5	317.25	352	NA
3	10	2	NA	A.ner	679	864	2	1635.5	771.5	864	NA	NA	NA
3	11	2	66.6142	A.ner	297	650	4	2070.5	385.25	473.5	561.75	650	NA
3	12	2	8.3182	M.per	138	313	4	989.5	181.75	225.5	269.25	313	NA
3	14	1	2.2072	A.asc	31	66	4	211.5	39.75	48.5	57.25	66	NA
3	15	1	65.4941	A.ner	163	361	4	1147	212.5	262	311.5	361	NA
3	16	2	2.7894	A.asc	22	122	4	338	47	72	97	122	NA
3	17	2	2.4767	M.per	302	513	4	1735.5	354.75	407.5	460.25	513	NA
5	1	2	58.7485	A.ner	75	339	4	960	141	207	273	339	NA
5	3	2	17.3899	A.ner	182	257	4	915.5	200.75	219.5	238.25	257	NA
5	4	2	18.6309	A.asc	395	739	4	2440	481	567	653	739	NA
5	6	1	16.645	M.per	190	278	4	980	212	234	256	278	NA
5	7	1	2.4586	A.asc	251	288	4	1096.5	260.25	269.5	278.75	288	NA
5	8	1	3.7355	M.asc	29	35	4	131	30.5	32	33.5	35	NA
5	9	2	28.6731	M.asc	98	179	5	733	114.2	130.4	146.6	162.8	179
5	10	1	68.8669	A.ner	181	330	4	1096.5	218.25	255.5	292.75	330	NA
5	11	1	41.7042	M.asc	212	248	4	938	221	230	239	248	NA
5	12	1	72.011	A.ner	332	512	4	1778	377	422	467	512	NA
5	13	2	43.7842	M.asc	61	193	5	701	87.4	113.8	140.2	166.6	193
5	14	1	9.0755	M.per	273	317	4	1202	284	295	306	317	NA
5	15	2	7.462	A.asc	119	308	4	948.5	166.25	213.5	260.75	308	NA
5	16	1	7.6596	A.asc	216	380	4	1274	257	298	339	380	NA
5	17	2	4.0198	M.per	171	428	4	1326.5	235.25	299.5	363.75	428	NA
5	18	2	1.5509	M.per	287	723	4	2238	396	505	614	723	NA
7	1	2	15.5214	A.ner	129	331	4	1021	179.5	230	280.5	331	NA
7	3	1	19.1517	A.ner	233	601	4	1852	325	417	509	601	NA
7	4	2	29.3675	M.asc	247	482	4	1575.5	305.75	364.5	423.25	482	NA
7	5	2	17.3325	M.asc	288	445	4	1544.5	327.25	366.5	405.75	445	NA
7	6	2	1.7185	M.per	233	307	4	1117	251.5	270	288.5	307	NA
7	7	1	8.4498	A.asc	170	160	4	655	167.5	165	162.5	160	NA
7	8	2	48.5728	A.ner	478	725	4	2529.5	539.75	601.5	663.25	725	NA
7	9	2	1.5023	M.per	244	402	4	1371	283.5	323	362.5	402	NA
7	10	2	5.2642	A.asc	122	238	4	778	151	180	209	238	NA
7	12	1	8.0311	M.asc	100	186	4	615	121.5	143	164.5	186	NA
7	13	1	35.3914	M.asc	154	244	4	841	176.5	199	221.5	244	NA
7	14	1	5.9304	M.per	395	230	4	1167.5	353.75	312.5	271.25	230	NA
7	15	2	0.1154	A.asc	13	38	4	114.5	19.25	25.5	31.75	38	NA
7	16	1	14.7956	A.ner	354	564	4	1941	406.5	459	511.5	564	NA
7	17	1	7.085	A.asc	31	93	4	279	46.5	62	77.5	93	NA
7	18	1	14.4793	M.per	81	120	4	421.5	90.75	100.5	110.25	120	NA
11	1	1	1.4145	M.asc	38	39	4	154.5	38.25	38.5	38.75	39	NA
11	2	1	3.605	M.per	85	83	4	335	84.5	84	83.5	83	NA
11	4	1	20.0411	A.ner	186	484	4	1489	260.5	335	409.5	484	NA
11	5	2	0.435	M.asc	23	12	5	82	20.8	18.6	16.4	14.2	12
11	6	1	8.5693	A.asc	210	179	4	762.5	202.25	194.5	186.75	179	NA
11	7	1	13.3679	A.asc	34	74	4	236	44	54	64	74	NA
11	8	2	2.1648	A.asc	18	23	4	84.5	19.25	20.5	21.75	23	NA
11	9	2	0.5959	M.asc	19	11	5	71	17.4	15.8	14.2	12.6	11
11	10	1	28.1765	M.asc	110	116	4	455	111.5	113	114.5	116	NA
11	11	2	14.9766	A.ner	485	669	4	2400	531	577	623	669	NA
11	12	1	13.18	M.per	134	170	4	626	143	152	161	170	NA
11	13	2	1.2857	M.per	71	169	4	529	95.5	120	144.5	169	NA
11	14	2	12.366	A.asc	207	394	4	1295.5	253.75	300.5	347.25	394	NA
11	15	2	2.6261	M.per	235	407	4	1370	278	321	364	407	NA
11	16	2	41.3398	A.ner	281	405	4	1434	312	343	374	405	NA
11	17	1	23.3252	A.ner	85	137	4	470	98	111	124	137	NA
13	1	2	16.8809	M.per	252	293	4	1110.5	262.25	272.5	282.75	293	NA
13	2	1	28.009	A.ner	184	426	4	1341	244.5	305	365.5	426	NA
13	3	2	4.8772	M.per	234	406	4	1366	277	320	363	406	NA
13	4	1	15.4591	M.per	142	95	4	450.5	130.25	118.5	106.75	95	NA
13	5	1	0.1406	M.asc	21	9	4	54	18	15	12	9	NA
13	6	1	2.9261	A.asc	50	101	4	327.5	62.75	75.5	88.25	101	NA
13	7	2	4.0628	A.asc	123	312	4	964.5	170.25	217.5	264.75	312	NA
13	8	1	46.7079	A.ner	266	433	4	1481.5	307.75	349.5	391.25	433	NA
13	9	1	35.1902	A.asc	218	313	4	1109.5	241.75	265.5	289.25	313	NA
13	10	2	0.6286	M.asc	6	2	4	14	5	4	3	2	NA
13	11	2	0.9001	M.asc	47	57	4	213	49.5	52	54.5	57	NA
13	12	1	5.7581	M.asc	92	166	4	553	110.5	129	147.5	166	NA
13	13	2	24.7397	A.ner	328	795	4	2479.5	444.75	561.5	678.25	795	NA
13	14	1	14.5258	M.per	191	340	4	1136.5	228.25	265.5	302.75	340	NA
13	15	2	NA	A.ner	636	540	1	540	540	NA	NA	NA	NA
13	16	1	19.6863	A.asc	213	244	4	929.5	220.75	228.5	236.25	244	NA
15	1	2	3.3483	M.per	349	387	4	1491	358.5	368	377.5	387	NA
15	2	2	1.163	A.asc	40	45	4	172.5	41.25	42.5	43.75	45	NA
15	3	2	25.2149	M.asc	60	124	4	400	76	92	108	124	NA
15	4	2	8.5036	A.ner	920	528	4	2700	822	724	626	528	NA
15	5	2	15.7268	M.asc	34	81	4	253.5	45.75	57.5	69.25	81	NA
15	6	1	7.057	M.asc	86	57	4	271.5	78.75	71.5	64.25	57	NA
15	9	1	71.1199	A.ner	609	714	4	2698.5	635.25	661.5	687.75	714	NA
15	10	2	15.6032	A.ner	256	928	4	2704	424	592	760	928	NA
15	11	1	9.3826	A.asc	177	304	4	1025.5	208.75	240.5	272.25	304	NA
15	12	1	3.0522	M.per	111	129	4	489	115.5	120	124.5	129	NA
15	13	2	25.0513	M.per	141	259	4	859	170.5	200	229.5	259	NA
15	14	1	28.9218	A.asc	217	214	4	860.5	216.25	215.5	214.75	214	NA
15	15	2	14.0257	A.asc	192	443	4	1395.5	254.75	317.5	380.25	443	NA
15	16	1	32.5371	M.asc	217	352	4	1205.5	250.75	284.5	318.25	352	NA
15	17	1	44.1777	A.ner	279	551	4	1796	347	415	483	551	NA
15	18	1	4.132	M.per	230	238	4	940	232	234	236	238	NA
17	1	1	5.9108	A.asc	94	145	4	503.5	106.75	119.5	132.25	145	NA
17	2	2	8.1194	M.per	55	118	4	377.5	70.75	86.5	102.25	118	NA
17	3	2	31.1624	A.ner	360	419	4	1587.5	374.75	389.5	404.25	419	NA
17	4	1	0.4268	M.asc	5	4	4	17.5	4.75	4.5	4.25	4	NA
17	6	1	4.3996	M.per	176	188	4	734	179	182	185	188	NA
17	7	1	8.9197	A.ner	78	141	4	469.5	93.75	109.5	125.25	141	NA
17	8	2	0.3365	M.asc	8	12	4	42	9	10	11	12	NA
17	9	1	1.9754	M.asc	72	67	4	275.5	70.75	69.5	68.25	67	NA
17	10	2	10.3726	A.asc	85	237	4	720	123	161	199	237	NA
17	11	1	7.474	M.per	78	137	4	459.5	92.75	107.5	122.25	137	NA
17	12	1	69.0975	A.ner	125	387	4	1155	190.5	256	321.5	387	NA
17	13	2	0.9989	M.per	189	413	4	1316	245	301	357	413	NA
17	14	2	60.9552	A.ner	170	387	4	1222.5	224.25	278.5	332.75	387	NA
17	15	2	7.6585	A.asc	71	177	4	549	97.5	124	150.5	177	NA
17	17	2	4.1666	M.asc	52	36	4	168	48	44	40	36	NA
17	18	1	10.9014	A.asc	80	233	5	859	110.6	141.2	171.8	202.4	233
21	1	2	1.2042	M.per	158	252	4	867	181.5	205	228.5	252	NA
21	2	2	50.5205	A.ner	480	816	4	2760	564	648	732	816	NA
21	3	2	17.8203	A.asc	42	140	4	413	66.5	91	115.5	140	NA
21	5	1	2.604	A.asc	69	157	4	496	91	113	135	157	NA
21	6	2	0.909	A.asc	14	62	4	176	26	38	50	62	NA
21	7	2	2.6228	M.per	137	267	4	873	169.5	202	234.5	267	NA
21	8	1	26.9014	A.ner	175	274	4	947.5	199.75	224.5	249.25	274	NA
21	9	2	26.2597	A.ner	326	635	4	2076.5	403.25	480.5	557.75	635	NA
21	10	1	6.274	M.per	70	145	4	467.5	88.75	107.5	126.25	145	NA
21	11	1	7.4194	M.asc	78	88	4	337	80.5	83	85.5	88	NA
21	12	1	36.3572	A.ner	203	480	4	1504.5	272.25	341.5	410.75	480	NA
21	14	2	33.0964	M.asc	77	212	4	645.5	110.75	144.5	178.25	212	NA
21	15	1	2.9829	A.asc	93	170	4	564.5	112.25	131.5	150.75	170	NA
21	16	2	72.8049	M.asc	234	457	5	1839	278.6	323.2	367.8	412.4	457
21	17	1	28.9347	M.asc	125	184	4	647.5	139.75	154.5	169.25	184	NA
21	18	1	20.162	M.per	70	173	4	537.5	95.75	121.5	147.25	173	NA
23	1	1	11.4753	M.asc	24	21	4	88.5	23.25	22.5	21.75	21	NA
23	2	1	34.4948	A.ner	729	850	4	3218.5	759.25	789.5	819.75	850	NA
23	3	2	0.7208	M.per	414	581	4	2073.5	455.75	497.5	539.25	581	NA
23	4	1	0.2635	A.asc	7	17	4	53	9.5	12	14.5	17	NA
23	5	2	2.9477	A.asc	118	148	4	547	125.5	133	140.5	148	NA
23	6	2	24.7638	M.asc	70	189	4	577.5	99.75	129.5	159.25	189	NA
23	7	2	3.8583	A.asc	138	494	4	1442	227	316	405	494	NA
23	8	1	4.7524	A.asc	111	261	4	819	148.5	186	223.5	261	NA
23	9	1	1.8584	M.per	241	405	4	1374	282	323	364	405	NA
23	11	2	20.6759	A.ner	856	1218	4	4329	946.5	1037	1127.5	1218	NA
23	12	2	9.1991	M.asc	50	59	4	222.5	52.25	54.5	56.75	59	NA
23	13	1	9.2132	A.ner	215	685	4	2035	332.5	450	567.5	685	NA
23	14	1	1.4369	M.per	291	495	4	1674	342	393	444	495	NA
23	15	2	31.8515	A.ner	579	949	4	3241	671.5	764	856.5	949	NA
23	16	2	1.3796	M.per	451	894	4	2911.5	561.75	672.5	783.25	894	NA
23	18	1	23.1487	M.asc	128	204	4	702	147	166	185	204	NA
25	1	1	2.2281	A.asc	293	430	4	1514.5	327.25	361.5	395.75	430	NA
25	2	1	NA	A.asc	12	21	4	70.5	14.25	16.5	18.75	21	NA
25	4	2	4.3693	A.asc	176	277	4	956.5	201.25	226.5	251.75	277	NA
25	5	1	48.7964	A.ner	388	863	4	2739.5	506.75	625.5	744.25	863	NA
25	6	2	23.2691	M.per	195	403	4	1300	247	299	351	403	NA
25	7	1	15.1719	M.asc	89	193	4	616	115	141	167	193	NA
25	8	2	6.6739	A.ner	600	202	4	1405	500.5	401	301.5	202	NA
25	9	2	20.4819	M.asc	56	97	4	326.5	66.25	76.5	86.75	97	NA
25	10	2	14.4658	M.asc	116	268	5	1036	146.4	176.8	207.2	237.6	268
25	11	1	4.1138	M.asc	48	57	4	214.5	50.25	52.5	54.75	57	NA
25	12	2	25.1838	M.per	250	445	4	1487.5	298.75	347.5	396.25	445	NA
25	13	1	1.9907	M.per	244	407	4	1383.5	284.75	325.5	366.25	407	NA
25	15	2	1.7176	A.asc	36	64	4	214	43	50	57	64	NA
25	16	2	14.0681	A.ner	462	585	4	2155.5	492.75	523.5	554.25	585	NA
25	17	2	1.5719	M.per	223	349	4	1207	254.5	286	317.5	349	NA
25	18	1	62.6914	A.ner	452	691	4	2405.5	511.75	571.5	631.25	691	NA
27	1	1	7.3891	M.per	172	219	4	805.5	183.75	195.5	207.25	219	NA
27	3	1	6.4033	A.asc	167	292	4	980.5	198.25	229.5	260.75	292	NA
27	4	1	1.3328	A.asc	16	46	4	139	23.5	31	38.5	46	NA
27	5	2	8.1338	M.per	191	349	4	1159	230.5	270	309.5	349	NA
27	6	1	98.903	A.ner	154	378	4	1176	210	266	322	378	NA
27	7	1	8.459	M.per	147	147	4	588	147	147	147	147	NA
27	8	2	51.2936	M.asc	75	183	4	570	102	129	156	183	NA
27	9	2	21.474	A.ner	348	657	4	2164.5	425.25	502.5	579.75	657	NA
27	10	2	17.9101	A.ner	603	931	4	3232	685	767	849	931	NA
27	12	1	77.7238	A.ner	281	536	4	1761.5	344.75	408.5	472.25	536	NA
27	13	2	7.9686	A.asc	295	593	4	1925	369.5	444	518.5	593	NA
27	14	2	6.9536	M.asc	39	60	4	208.5	44.25	49.5	54.75	60	NA
27	15	1	2.7472	M.asc	25	76	4	227.5	37.75	50.5	63.25	76	NA
27	16	2	0.4845	A.asc	24	11	4	63.5	20.75	17.5	14.25	11	NA
27	17	2	1.6443	M.per	226	411	4	1366.5	272.25	318.5	364.75	411	NA
27	18	2	30.8909	M.asc	145	351	4	1095	196.5	248	299.5	351	NA
31	1	1	4.0738	A.asc	44	NA	4	NA	NA	NA	NA	NA	NA
31	2	2	2.9225	M.per	124	281	4	888.5	163.25	202.5	241.75	281	NA
31	5	1	18.5696	M.asc	82	160	4	523	101.5	121	140.5	160	NA
31	6	2	57.9392	A.ner	368	898	4	2797	500.5	633	765.5	898	NA
31	7	2	1.645	A.asc	33	140	4	399.5	59.75	86.5	113.25	140	NA
31	8	2	7.0452	A.asc	305	384	4	1417.5	324.75	344.5	364.25	384	NA
31	9	1	36.6531	A.ner	166	467	4	1416.5	241.25	316.5	391.75	467	NA
31	10	2	1.733	M.per	218	294	4	1062	237	256	275	294	NA
31	11	2	39.6347	A.ner	217	560	4	1725.5	302.75	388.5	474.25	560	NA
31	12	1	31.4009	A.asc	208	342	4	1167	241.5	275	308.5	342	NA
31	13	1	12.1903	M.per	148	230	4	797	168.5	189	209.5	230	NA
31	14	1	23.7697	A.ner	195	282	4	997.5	216.75	238.5	260.25	282	NA
31	15	1	1.1753	M.per	180	303	4	1027.5	210.75	241.5	272.25	303	NA
31	16	2	52.2657	M.asc	132	441	5	1587	193.8	255.6	317.4	379.2	441
31	17	2	2.3373	M.asc	18	21	4	79.5	18.75	19.5	20.25	21	NA
31	18	1	70.1724	M.asc	256	426	4	1449	298.5	341	383.5	426	NA
33	1	2	0.9372	M.asc	47	27	4	138	42	37	32	27	NA
33	2	2	8.2266	A.asc	164	340	4	1096	208	252	296	340	NA
33	3	2	20.9958	M.asc	35	132	4	382.5	59.25	83.5	107.75	132	NA
33	4	1	9.7494	M.asc	194	258	4	936	210	226	242	258	NA
33	5	2	18.3774	A.ner	292	409	4	1460.5	321.25	350.5	379.75	409	NA
33	6	1	0.8842	M.per	160	173	4	672.5	163.25	166.5	169.75	173	NA
33	7	2	0.9403	M.per	168	269	4	924.5	193.25	218.5	243.75	269	NA
33	8	1	2.3309	A.asc	94	73	4	323.5	88.75	83.5	78.25	73	NA
33	10	2	NA	A.asc	7	4	4	20.5	6.25	5.5	4.75	4	NA
33	12	1	2.6298	M.asc	60	36	4	180	54	48	42	36	NA
33	13	1	3.6439	A.asc	73	115	4	397	83.5	94	104.5	115	NA
33	14	2	23.0926	A.ner	219	359	4	1226	254	289	324	359	NA
33	15	1	4.6731	M.per	189	203	4	791	192.5	196	199.5	203	NA
33	16	1	6.2237	A.ner	71	308	4	876.5	130.25	189.5	248.75	308	NA
33	17	2	3.5286	M.per	233	358	4	1244.5	264.25	295.5	326.75	358	NA
33	18	1	15.3918	A.ner	100	242	4	755	135.5	171	206.5	242	NA
35	1	1	43.8184	A.ner	210	324	4	1125	238.5	267	295.5	324	NA
35	2	1	7.5172	M.per	53	69	4	252	57	61	65	69	NA
35	3	1	16.9627	M.per	143	192	4	694.5	155.25	167.5	179.75	192	NA
35	4	2	0.1781	M.asc	18	45	5	171	23.4	28.8	34.2	39.6	45
35	5	2	3.857	M.per	268	526	4	1717	332.5	397	461.5	526	NA
35	6	1	16.697	A.ner	45	87	4	285	55.5	66	76.5	87	NA
35	7	1	6.5596	M.asc	45	61	4	220	49	53	57	61	NA
35	8	2	3.1117	A.asc	37	101	4	308	53	69	85	101	NA
35	9	2	45.4146	M.asc	113	227	4	737	141.5	170	198.5	227	NA
35	10	1	6.8961	A.asc	112	150	4	543	121.5	131	140.5	150	NA
35	11	2	29.9887	A.ner	121	476	4	1371.5	209.75	298.5	387.25	476	NA
35	12	2	10.1989	A.ner	293	789	4	2412	417	541	665	789	NA
35	13	1	0.1444	A.asc	4	6	4	21	4.5	5	5.5	6	NA
37	1	2	2.8234	A.asc	48	169	4	494.5	78.25	108.5	138.75	169	NA
37	3	2	35.1675	M.asc	125	304	5	1162	160.8	196.6	232.4	268.2	304
37	4	1	7.0609	M.asc	55	119	4	380	71	87	103	119	NA
37	5	2	35.8896	A.ner	340	640	4	2110	415	490	565	640	NA
37	6	1	38.8888	A.ner	139	293	4	941	177.5	216	254.5	293	NA
37	7	1	7.5566	M.asc	68	109	4	374.5	78.25	88.5	98.75	109	NA
37	8	1	4.8274	M.per	238	288	4	1077	250.5	263	275.5	288	NA
37	9	2	26.404	A.asc	189	435	4	1371	250.5	312	373.5	435	NA
37	10	2	2.0323	M.per	167	265	4	913	191.5	216	240.5	265	NA
37	11	2	40.0747	A.ner	369	487	4	1771	398.5	428	457.5	487	NA
37	12	2	35.2433	M.asc	141	294	4	946.5	179.25	217.5	255.75	294	NA
37	13	1	12.1729	M.per	160	159	4	637.5	159.75	159.5	159.25	159	NA
37	14	1	66.4615	A.ner	175	349	4	1135	218.5	262	305.5	349	NA
37	15	2	2.3985	M.per	211	334	4	1151.5	241.75	272.5	303.25	334	NA
37	16	1	15.3284	A.asc	235	315	4	1140	255	275	295	315	NA
37	17	1	3.8436	A.asc	57	176	4	525.5	86.75	116.5	146.25	176	NA
41	1	2	19.8823	A.ner	365	716	4	2337.5	452.75	540.5	628.25	716	NA
41	2	1	26.4403	A.asc	286	342	4	1284	300	314	328	342	NA
41	3	2	60.6908	A.ner	212	529	4	1640.5	291.25	370.5	449.75	529	NA
41	4	1	17.8405	M.asc	118	117	4	469.5	117.75	117.5	117.25	117	NA
41	5	1	5.4228	M.asc	26	30	4	114	27	28	29	30	NA
41	6	2	2.4908	M.per	224	608	4	1856	320	416	512	608	NA
41	7	2	89.1351	M.asc	259	415	5	1763	290.2	321.4	352.6	383.8	415
41	8	1	96.1915	A.ner	423	559	4	2032	457	491	525	559	NA
41	10	2	13.1333	M.asc	38	65	4	219.5	44.75	51.5	58.25	65	NA
41	11	1	7.6938	M.per	207	347	4	1178	242	277	312	347	NA
41	12	1	3.3935	A.ner	87	191	4	608	113	139	165	191	NA
41	13	1	16.0205	A.asc	260	401	4	1392.5	295.25	330.5	365.75	401	NA
41	14	2	3.4017	M.per	322	547	4	1850.5	378.25	434.5	490.75	547	NA
41	15	2	2.7499	A.asc	73	192	4	589.5	102.75	132.5	162.25	192	NA
41	17	2	18.7462	A.asc	155	238	4	827.5	175.75	196.5	217.25	238	NA
41	18	2	0.6481	M.per	128	396	4	1182	195	262	329	396	NA
43	1	2	12.6396	M.per	136	218	4	749	156.5	177	197.5	218	NA
43	2	1	35.366	A.ner	196	244	4	904	208	220	232	244	NA
43	3	2	17.1452	A.ner	260	516	4	1680	324	388	452	516	NA
43	6	1	3.8825	M.per	53	78	4	274.5	59.25	65.5	71.75	78	NA
43	7	2	2.9601	A.asc	93	147	4	507	106.5	120	133.5	147	NA
43	8	1	1.8486	M.per	116	81	4	376.5	107.25	98.5	89.75	81	NA
43	9	2	0.5659	A.asc	35	63	4	210	42	49	56	63	NA
43	10	1	23.9535	M.asc	97	206	4	660.5	124.25	151.5	178.75	206	NA
43	11	1	49.5496	A.ner	329	599	4	1991	396.5	464	531.5	599	NA
43	12	1	23.3528	A.asc	118	163	4	584.5	129.25	140.5	151.75	163	NA
43	13	1	11.6887	A.asc	128	157	4	584.5	135.25	142.5	149.75	157	NA
43	14	1	NA	M.asc	5	2	4	12.5	4.25	3.5	2.75	2	NA
43	15	2	39.7528	A.ner	258	518	4	1682	323	388	453	518	NA
43	16	2	12.88	M.asc	56	119	4	381.5	71.75	87.5	103.25	119	NA
43	17	2	0.8756	M.per	229	445	4	1456	283	337	391	445	NA
43	18	2	32.6365	M.asc	75	166	5	648	93.2	111.4	129.6	147.8	166
45	1	1	33.0848	M.asc	236	458	4	1499	291.5	347	402.5	458	NA
45	2	1	11.4445	M.asc	100	139	4	497.5	109.75	119.5	129.25	139	NA
45	3	1	38.7765	A.ner	265	413	4	1430	302	339	376	413	NA
45	5	1	44.6906	A.ner	104	174	4	591	121.5	139	156.5	174	NA
45	6	1	3.3638	A.asc	84	157	4	518.5	102.25	120.5	138.75	157	NA
45	7	2	36.1549	A.ner	216	310	4	1099	239.5	263	286.5	310	NA
45	8	2	0.4891	M.per	137	227	4	773	159.5	182	204.5	227	NA
45	9	2	5.6274	M.per	182	229	4	845.5	193.75	205.5	217.25	229	NA
45	10	2	1.5385	A.asc	67	266	4	765.5	116.75	166.5	216.25	266	NA
45	11	2	38.2371	A.ner	366	647	4	2166.5	436.25	506.5	576.75	647	NA
45	12	2	13.6693	A.asc	286	340	4	1279	299.5	313	326.5	340	NA
45	13	1	0.7026	M.per	41	19	4	109	35.5	30	24.5	19	NA
45	14	2	NA	M.asc	3	2	4	9.5	2.75	2.5	2.25	2	NA
45	15	2	1.2035	M.asc	7	6	5	32	6.8	6.6	6.4	6.2	6
45	17	1	18.4606	M.per	289	312	4	1213.5	294.75	300.5	306.25	312	NA
45	18	1	1.6391	A.asc	44	125	4	378.5	64.25	84.5	104.75	125	NA
47	1	1	30.9186	A.ner	87	158	4	525.5	104.75	122.5	140.25	158	NA
47	2	1	41.7647	M.asc	153	231	4	807	172.5	192	211.5	231	NA
47	4	1	10.6792	M.per	268	295	4	1139.5	274.75	281.5	288.25	295	NA
47	5	2	9.1785	M.asc	30	55	4	182.5	36.25	42.5	48.75	55	NA
47	6	1	20.9404	A.asc	132	270	4	873	166.5	201	235.5	270	NA
47	7	2	1.484	M.per	287	477	4	1623	334.5	382	429.5	477	NA
47	8	2	0.1322	A.asc	19	23	4	86	20	21	22	23	NA
47	9	2	0.5122	A.asc	7	49	4	133	17.5	28	38.5	49	NA
47	11	2	1.757	M.per	134	265	4	863.5	166.75	199.5	232.25	265	NA
47	12	1	56.1295	A.ner	199	404	4	1308.5	250.25	301.5	352.75	404	NA
47	13	2	48.6989	M.asc	76	254	4	749	120.5	165	209.5	254	NA
47	14	2	19.6426	A.ner	199	386	4	1263.5	245.75	292.5	339.25	386	NA
47	15	1	6.976	M.asc	92	217	4	680.5	123.25	154.5	185.75	217	NA
47	16	1	0.6178	A.asc	47	118	4	365.5	64.75	82.5	100.25	118	NA
47	17	2	35.0052	A.ner	232	727	4	2165.5	355.75	479.5	603.25	727	NA
47	18	1	0.8246	M.per	131	295	4	934	172	213	254	295	NA
